,address,birthdate,blood_group,company,job,mail,name,phone,residence,sex,ssn,username,website
0,"ст. Таштагол, ул. Высоковольтная, д. 42, 944517",2000-03-13,0+,РАО «Кудряшова-Фадеева»,Портной,selivan27@mail.ru,Калинин Эмиль Августович,+7 923 409 7174,"с. Чита, ул. Марта 8, д. 70, 676877",M,826236196951,uvorontsova,"['https://ao.biz/', 'https://ao.biz/', 'http://www.ao.info/']"
1,"с. Павловская, ул. З.Космодемьянской, д. 73, 485919",1982-02-13,A-,"РАО «Гурьев, Маслова и Жуков»",Специалист по стрижке овец,shcherbakovsevastjan@rambler.ru,Виноградов Савва Харлампович,+7 (554) 433-4342,"с. Приморско-Ахтарск, ул. Набережная, д. 84, 446860",M,728059228500,samuil2001boleslav_1976,"['https://www.ao.org/', 'https://www.ip.net/', 'https://ao.com/', 'https://www.ip.info/']"
2,"ст. Нарьян-Мар, ул. Алтайская, д. 65, 175139",1978-07-04,A-,"РАО «Зиновьев, Исаков и Виноградова»",Дизайнер рекламы,ivanna_97@hotmail.com,Архипова Элеонора Ильинична,+7 (502) 930-0840,"ст. Пятигорск, ул. Рябиновая, д. 42, 305454",F,311399473013,potapovazoja,"['http://www.rao.edu/', 'http://ao.ru/', 'http://www.npo.ru/', 'https://poljakova.edu/']"
3,"ст. Тарко-Сале, ул. Дорожная, д. 33, 148905",1998-06-07,AB+,"ИП «Сергеева, Тарасова и Зиновьев»",Травматолог,borisshchukin@mail.ru,Быков Аникей Денисович,+7 (832) 027-4294,"к. Ессентуки, ул. Народная, д. 96, 534527",M,953763040632,glafira1974uljan_1994,['http://ao.com/']
4,"г. Арсеньев, ул. Транспортная, д. 48, 298029",1990-09-27,0+,АО «Максимов»,Шифровальщик,konstantinovvikenti@yandex.ru,Костин Авксентий Иосипович,+7 (651) 788-30-50,"с. Старая Русса, ул. Снежная, д. 04, 534776",M,819573668099,emeljan_22,['http://rao.edu/']
5,"клх Норильск, ул. Новостройка, д. 63, 807399",1991-07-25,0+,Рогов,Маляр,teterinatamara@yandex.ru,Князев Аверкий Жанович,+7 (878) 264-2977,"к. Ханты-Мансийск, ул. Угольная, д. 69, 940338",M,509973282187,vorobevrostislav,"['http://rao.info/', 'http://ao.com/', 'https://www.npo.edu/', 'http://www.rao.com/']"
6,"д. Волгоград, ул. Санаторная, д. 96, 976501",1981-10-29,0-,НПО «Степанов»,Химик-контролер,tit_39@rambler.ru,Тихонов Эдуард Аксёнович,+7 502 600 5704,"к. Абинск, ул. Путевая, д. 73, 594008",M,912785418241,mjasnikovazari,"['https://www.pestov.ru/', 'http://ao.edu/']"
7,"п. Талдом, ул. Высокая, д. 11, 060999",1995-04-15,0+,АО «Меркушева Зайцева»,Санитар,bazhenfedotov@gmail.com,Ковалев Эрнест Якубович,+7 635 175 7733,"к. Соболево, ул. Мостовая, д. 20, 394271",M,342671196887,sidorkomissarov,"['http://ao.ru/', 'https://www.rao.info/', 'https://npo.biz/']"
8,"ст. Воронеж, ул. Надежды, д. 18, 277327",1970-11-16,0-,НПО «Назаров-Медведева»,Логопед,borislav2018lavr_1980@yahoo.com,Куликова Зинаида Олеговна,+7 418 487 9469,"ст. Тимашевск, ул. Вокзальная, д. 76, 972594",F,841230072809,sitnikovalidija,"['https://rao.ru/', 'https://rao.org/']"
9,"г. Сальск, ул. 1 Мая, д. 81, 889593",1978-02-18,AB+,АО «Аксенов-Рожков»,Биолог,qabramova@yahoo.com,Соловьева Евпраксия Кузминична,+7 (248) 209-7861,"г. Колпашево, ул. Базарная, д. 00, 421650",F,220084602452,seliverst76,"['https://npo.ru/', 'https://rao.com/', 'https://www.gorbacheva.biz/', 'http://npo.biz/']"
10,"ст. Моздок, ул. Первомайская, д. 25, 931785",1979-06-02,0-,АО «Дмитриева»,Лаборант,evstafi_94@gmail.com,Гуляев Ираклий Гурьевич,+7 168 413 2909,"д. Змеиногорск, ул. Белорусская, д. 61, 818931",M,256097792414,erofetihonov,['http://www.filatova.biz/']
11,"д. Чита, ул. Логовая, д. 79, 370856",1991-05-22,0+,Авдеева,Ихтиолог,baranovruben@rambler.ru,Савин Эдуард Ермилович,+7 127 998 71 96,"д. Апрелевка, ул. Дорожников, д. 15, 985913",M,075974540405,panovtit,"['http://ip.info/', 'https://www.belousova.com/']"
12,"к. Ханты-Мансийск, ул. Халтурина, д. 20, 440939",1986-01-18,0+,НПО «Евдокимов»,Аккумуляторщик,innokenti62@hotmail.com,тов. Гаврилова Ирина Тимофеевна,+7 (636) 342-83-96,"к. Билибино, ул. Микрорайон, д. 83, 225806",F,637598828700,tvoronov,"['https://www.ip.ru/', 'http://ip.ru/']"
13,"клх Яхрома, ул. Западная, д. 89, 599058",2011-10-20,0+,НПО «Брагин»,Кинооператор,valerjan2017bronislav_2016@mail.ru,Ширяев Добромысл Глебович,+7 (279) 543-1394,"клх Баргузин, ул. Комарова, д. 17, 077244",M,400158158060,onufrisorokin,"['http://www.rao.net/', 'http://www.abramov.net/', 'https://ip.biz/']"
14,"с. Шилка, ул. Ярославская, д. 87, 040670",1976-03-03,A-,ИП «Беляев-Лаврентьева»,Гренадер,lihachevvladilen@rambler.ru,Мартынов Карл Бориславович,+7 751 099 2608,"к. Верхоянск, ул. Иркутская, д. 64, 702590",M,990926688428,kopilovermola,['https://www.ao.ru/']
15,"п. Анадырь, ул. Шмидта, д. 18, 028984",1974-12-08,0-,"НПО «Тетерина, Елисеева и Федотов»",Хлопокороб,judinoleg@mail.ru,Савин Прокл Демидович,+7 (132) 323-55-86,"клх Нефтеюганск, ул. Красина, д. 71, 895169",M,568789132717,ratibor76,"['http://rao.edu/', 'http://www.kalinina.net/', 'https://knjazeva.info/']"
16,"к. Кировск (Ленин.), ул. Запорожская, д. 78, 740176",2008-09-26,B-,АО «Смирнова»,Кредитный консультант,timofeevanonna@yahoo.com,Шилов Вадим Брониславович,+7 (692) 664-87-76,"п. Грозный, ул. Лесная, д. 78, 659078",M,577515620357,dovchinnikov,"['https://www.ip.edu/', 'https://npo.ru/']"
17,"клх Адыгейск, ул. Машиностроителей, д. 04, 743375",1975-01-20,0-,Симонова,Диджей,azari12@gmail.com,Фролов Тихон Феофанович,+7 749 161 19 64,"п. Котельнич, ул. Кузнечная, д. 52, 980029",M,521269388908,rogovgerasim,"['http://ao.biz/', 'http://ao.com/', 'http://www.ao.org/', 'http://www.rao.info/']"
18,"г. Беломорск, ул. Ермака, д. 07, 835696",2003-04-05,A+,"ИП «Вишнякова, Тетерина и Гришина»",Ортопед,teterinaregina@yahoo.com,Громов Аполлинарий Игнатович,+7 010 422 3268,"с. Устюжна, ул. Отрадная, д. 31, 496157",M,456798300597,filatovosip,"['https://www.bobrova.net/', 'http://ao.org/']"
19,"с. Ельня, ул. Малиновая, д. 82, 731124",1981-01-28,A+,АО «Кузнецова-Цветков»,Мельник,shilovaivanna@gmail.com,Анисимов Аскольд Федотович,+7 418 551 6497,"клх Великие Луки, ул. Воронежская, д. 65, 382530",M,313652420358,bogdanvasilev,"['http://www.ip.info/', 'http://birjukov.ru/', 'http://www.ao.info/', 'http://www.ao.org/']"
20,"к. Партизанск, ул. Ульяновская, д. 09, 805958",1999-09-19,B-,НПО «Соловьев»,Гепатолог,evpraksija_29@yahoo.com,Тарасова Светлана Ждановна,+7 (013) 710-1387,"д. Жиганск, ул. Морская, д. 34, 796890",F,398572150015,matve_31,"['http://www.ao.edu/', 'https://rao.biz/', 'http://rao.info/']"
21,"клх Махачкала, ул. Зеленая, д. 25, 727256",1972-01-16,AB-,ИП «Михеев Лукина»,Радист,klavdija2016kuzma_2005@yahoo.com,Зимина Евдокия Руслановна,+7 (202) 298-35-26,"ст. Озеры, ул. Кедровая, д. 10, 917329",F,035042603917,igor1996timofe_1976,"['https://ip.com/', 'https://rao.ru/', 'https://ip.biz/']"
22,"д. Озеры, ул. Воровского, д. 04, 876497",2003-06-20,0+,Аксенова,Акушер,arhipovaangelina@hotmail.com,Мартынова Анжела Захаровна,+7 506 885 85 20,"с. Курган, ул. Урицкого, д. 76, 005062",F,726744514337,viktor78,"['https://voronova.net/', 'http://rao.edu/', 'https://www.ao.edu/', 'http://www.gromova.edu/']"
23,"д. Вязьма, ул. Ручейная, д. 58, 518746",2005-05-29,B-,"РАО «Аксенова, Куликов и Бобылев»",Инженер-гидравлик,tsvetkovasinklitikija@yahoo.com,Зайцева София Мироновна,+7 (992) 199-7011,"клх Магас, ул. Седова, д. 06, 893854",F,819697753850,jvoronova,['http://ip.net/']
24,"к. Алагир, ул. Добролюбова, д. 96, 763889",1978-06-26,B+,НПО «Панфилов-Щербаков»,Фельдшер,artemevevstafi@rambler.ru,Овчинников Мариан Феликсович,+7 525 167 01 63,"с. Листвянка (Иркут.), ул. Щорса, д. 71, 713910",M,876218196208,sharovefim,"['https://www.rao.edu/', 'http://npo.ru/']"
25,"клх Ершов, ул. Короткая, д. 74, 259166",1985-07-02,AB+,Ефремов,Столяр,arkadimaslov@yahoo.com,Назаров Якуб Андреевич,+7 (149) 423-86-36,"к. Шали, ул. Красноярская, д. 16, 866967",M,637800964904,jfomin,"['http://ip.info/', 'https://www.rao.ru/']"
26,"с. Асино, ул. Республиканская, д. 06, 596133",1991-11-01,B-,АО «Козлова»,Метрдотель,rmihalova@hotmail.com,Романов Кир Адамович,+7 (934) 586-87-73,"к. Енисейск, ул. Рабочая, д. 25, 705417",M,479963529390,larisa_28,"['https://nikitin.net/', 'https://npo.edu/', 'https://bragin.info/', 'https://grishin.ru/']"
27,"клх Когалым, ул. Некрасова, д. 63, 260013",2012-08-20,0-,"РАО «Фадеева, Назарова и Николаев»",Сталевар,epifanorehov@gmail.com,Шубин Святополк Владленович,+7 (295) 300-22-58,"ст. Кимры, ул. Высоковольтная, д. 57, 443024",M,060088767000,miroslavvasilev,['https://ip.org/']
28,"к. Урус-Мартан, ул. Виноградная, д. 84, 109672",1992-12-27,B-,Самойлова,Таможенник,ratibor_69@rambler.ru,Дроздов Аристарх Тарасович,+7 526 956 41 64,"к. Тикси, ул. Кедровая, д. 44, 545379",M,594241274095,innokenti1988jaropolk_1986,"['https://www.ao.com/', 'https://www.ao.biz/']"
29,"к. Батайск, ул. Короленко, д. 41, 593466",2012-10-24,A-,ИП «Титова Денисова»,Танатолог,samsonovaija@rambler.ru,Белозеров Фирс Витальевич,+7 (110) 397-2315,"клх Невинномысск, ул. Горняцкая, д. 95, 753563",M,433767095975,novikovartemi,['http://www.suhanov.net/']
30,"г. Комсомольск-на-Амуре, ул. Слободская, д. 21, 545731",2012-11-30,B+,Зыкова,Невролог,romanovlazar@hotmail.com,Савин Ферапонт Терентьевич,+7 756 969 45 41,"п. Руза, ул. Дачная, д. 03, 015290",M,598638121872,qlazarev,"['https://www.ao.edu/', 'http://www.ip.com/', 'https://www.npo.net/']"
31,"г. Льгов, ул. Энергетиков, д. 81, 185917",2010-11-18,AB-,ИП «Игнатьев-Рожкова»,Следователь,qkonstantinov@gmail.com,Кириллов Евгений Артёмович,+7 040 442 46 52,"к. Дзержинск, ул. Абрикосовая, д. 72, 384292",M,562708394799,jakov_09,"['https://www.karpova.com/', 'https://www.zueva.ru/', 'http://npo.biz/', 'https://www.rao.net/']"
32,"г. Калачинск, ул. Челюскинцев, д. 38, 667513",1978-01-09,A-,НПО «Сысоев-Медведев»,Фрезеровщик,gorshkovsilvestr@yahoo.com,Ситникова Глафира Юрьевна,+7 (674) 114-3286,"д. Бомнак, ул. Мелиораторов, д. 92, 807462",F,616272221750,uvarovaevpraksija,"['https://shcherbakova.ru/', 'https://www.rao.org/']"
33,"г. Охотск, ул. Береговая, д. 96, 674834",1971-03-31,0+,Богданов,Парикмахер,orest82@gmail.com,Зыков Андрон Антипович,+7 (314) 249-50-57,"к. Смоленск, ул. Прохладная, д. 86, 948697",M,015791340871,orehovevstafi,"['https://www.ip.com/', 'http://konstantinov.org/', 'https://ao.info/']"
34,"к. Каргополь, ул. Высотная, д. 35, 733166",1985-02-20,0+,НПО «Симонова Самсонов»,Бактериолог,evdokimovapolina@yahoo.com,Мишин Пров Васильевич,+7 283 631 6531,"с. Златоуст, ул. Васильковая, д. 00, 023629",M,892076865176,ozinovev,"['https://www.rao.biz/', 'http://ao.net/']"
35,"п. Череповец, ул. Короленко, д. 98, 507475",2009-01-29,B+,РАО «Семенова-Воронова»,Мясник,mihe1981varfolome_1997@gmail.com,Прохорова Ия Натановна,+7 398 703 06 84,"с. Москва, МГУ, ул. Высотная, д. 45, 887699",F,582868365302,galaktionarhipov,"['http://www.ip.biz/', 'http://nikiforov.biz/', 'http://npo.org/']"
36,"д. Кемерово, ул. Кавказская, д. 69, 933191",2017-03-21,A+,"НПО «Устинова, Шарапов и Баранова»",Животновод,filaret07@gmail.com,Никонова Ульяна Вячеславовна,+7 (312) 284-8999,"к. Пышма, ул. Азовская, д. 47, 151811",F,537563018329,arefi_40,"['http://www.rao.ru/', 'https://ip.ru/', 'http://www.rao.biz/']"
37,"п. Нижний Тагил, ул. Черемуховая, д. 39, 991455",1992-05-28,AB+,АО «Беспалов»,Кок,denissergeev@gmail.com,Одинцов Касьян Валерьевич,+7 756 277 2521,"г. Мытищи, ул. Р.Люксембург, д. 57, 118121",M,404119306664,vpotapov,"['http://www.ip.info/', 'http://kosheleva.org/', 'https://www.npo.info/']"
38,"г. Нарым, ул. Союзная, д. 40, 072375",1987-11-06,AB-,РАО «Колесников-Павлов»,Швея,elisedmitriev@rambler.ru,Титова Агата Ефимовна,+7 (205) 255-57-94,"д. Кемерово, ул. Комарова, д. 70, 030576",F,685826197415,osip2012artemi_2005,"['http://ip.edu/', 'http://www.rao.com/', 'https://ao.ru/', 'http://kudrjavtsev.info/']"
39,"ст. Ербогачен, ул. Колхозная, д. 39, 617251",1996-02-11,B+,РАО «Козлов Горбачев»,Психолог,konon_42@yahoo.com,Чернова Ксения Тарасовна,+7 (144) 671-8629,"п. Тура, ул. Интернациональная, д. 73, 011018",F,035417829385,gedeon2015serge_1983,"['http://ip.edu/', 'https://ao.com/', 'http://zimin.ru/', 'http://www.makarova.org/']"
40,"клх Куртамыш, ул. Титова, д. 01, 899203",2013-05-14,A-,РАО «Ширяев Рожков»,Ортопед,agge78@mail.ru,Калашникова Ольга Филипповна,+7 (986) 800-65-81,"ст. Адыгейск, ул. Пригородная, д. 15, 058473",F,922845178665,dorofe_06,"['http://ao.ru/', 'http://npo.info/', 'https://kulakova.ru/']"
41,"с. Усинск, ул. Гастелло, д. 52, 630100",1988-09-08,A-,НПО «Виноградова-Щербакова»,Кинооператор,kononovoleg@hotmail.com,Власов Валерий Иосифович,+7 074 271 91 30,"клх Томари, ул. Культуры, д. 18, 338100",M,217793494353,alina_17,"['https://ip.com/', 'http://www.npo.info/', 'http://ip.info/', 'https://npo.net/']"
42,"д. Ялуторовск, ул. Народная, д. 02, 908460",2010-07-31,B+,Шубина,Брейдер,knjazevorest@yandex.ru,Никитин Мартьян Яковлевич,+7 019 384 81 84,"клх Истра, ул. Привольная, д. 60, 249608",M,486972733573,nonna1991tatjana_1975,['https://rao.edu/']
43,"к. Боровск, ул. Луговая, д. 36, 814649",2002-05-24,B-,"РАО «Дементьев, Комиссаров и Моисеев»",Жиловщик/Обвальщик,rlobanov@mail.ru,Ефимова Эмилия Григорьевна,+7 599 888 47 13,"к. Мирный, ул. Логовая, д. 65, 176690",F,025569747083,afinogen78,"['https://rao.com/', 'https://www.ip.info/', 'http://danilova.edu/', 'http://www.ip.biz/']"
44,"к. Усть-Ишим, ул. Ручейная, д. 87, 078066",1970-07-23,AB+,"РАО «Тимофеева, Матвеева и Якушев»",Издатель,emeljannikitin@mail.ru,Капустина Анжелика Егоровны,+7 (984) 896-4119,"клх Александров Гай, ул. Сосновая, д. 83, 436110",F,169445150282,belovaalevtina,['http://ao.edu/']
45,"с. Юрьевец (Иван.), ул. Локомотивная, д. 51, 251839",1990-09-26,A+,АО «Быков»,Хирург,elizaveta_43@yandex.ru,г-н. Калашников Никита Димитриевич,+7 (539) 723-98-67,"к. Звенигород, ул. Новоселов, д. 26, 836320",M,576290254242,visheslav28,"['https://npo.info/', 'https://seliverstova.com/']"
46,"д. Бирск, ул. Урожайная, д. 55, 168096",1982-12-19,B+,РАО «Потапова»,Лётчик,sitnikovfedosi@hotmail.com,Осипов Сила Валентинович,+7 (805) 877-68-73,"клх Каспийск, ул. Карбышева, д. 90, 946827",M,630182395083,varlaam_93,"['https://npo.info/', 'https://ip.edu/']"
47,"п. Амурск, ул. Халтурина, д. 71, 239764",2014-01-11,AB-,РАО «Фомичева-Лаврентьев»,Инженер-гидравлик,shchukinmoke@hotmail.com,Князев Владлен Августович,+7 362 540 0808,"п. Красногорск (Моск.), ул. Космодемьянской, д. 32, 092552",M,393644621964,kornilnekrasov,"['http://ao.info/', 'https://www.ao.biz/', 'https://ip.org/']"
48,"г. Иркутск, ул. Свободы, д. 68, 845606",2013-09-14,0-,"АО «Кулаков, Дьячков и Морозов»",Доярка,harlampi1993pahom_1992@hotmail.com,Шилов Архип Всеволодович,+7 (131) 468-19-34,"клх Костомукша, ул. Чкалова, д. 87, 177973",M,878692589087,demjan_91,"['https://npo.biz/', 'https://ip.ru/']"
49,"клх Нефтеюганск, ул. Разина, д. 74, 671613",2007-10-03,B-,ИП «Гаврилова»,Штукатур,nikolaevsigizmund@yandex.ru,Ширяев Мокей Феофанович,+7 (664) 821-4482,"г. Верхоянск, ул. Высоцкого, д. 83, 301406",M,413617209645,nazarovamos,['http://www.npo.info/']
50,"д. Петрозаводск, ул. Рабочая, д. 16, 766468",1976-04-02,0-,ИП «Ефимова»,Дворник,tpopov@yandex.ru,Денисова Анастасия Григорьевна,+7 503 138 69 10,"ст. Махачкала, ул. Учительская, д. 32, 255355",F,122701941564,aleksandr_91,"['http://rao.net/', 'http://www.npo.ru/']"
51,"п. Кущевская, ул. Спартака, д. 77, 007397",1994-01-29,AB+,НПО «Егорова-Лебедева»,Машинист,gedeon_74@gmail.com,Ершова Ия Ниловна,+7 (110) 353-4781,"ст. Курчатов, ул. Уральская, д. 57, 559950",F,844347694258,jmihalova,['https://www.guseva.com/']
52,"д. Североуральск, ул. Октябрьская, д. 83, 427547",2013-04-14,B+,АО «Коновалов Орехов»,Судья,afinogen_06@yahoo.com,Харитонов Велимир Ермилович,+7 (007) 535-9894,"к. Красноселькуп, ул. Металлургов, д. 23, 483590",M,679684560522,psavina,"['http://www.ao.ru/', 'https://ip.net/']"
53,"клх Борзя, ул. Ореховая, д. 78, 605832",1979-04-28,0-,НПО «Никифоров Борисов»,Ювелир,filimon1972zahar_1976@yahoo.com,Виноградов Зиновий Дмитриевич,+7 (865) 084-22-93,"д. Пышма, ул. Томская, д. 18, 779072",M,744153243898,filaret_22,"['http://www.ao.biz/', 'http://www.ao.biz/']"
54,"ст. Камень-на-Оби, ул. Набережная, д. 12, 980175",2010-05-06,0+,"АО «Капустин, Александрова и Фомина»",Кузнец,galkinmakar@yandex.ru,Лукина Юлия Львовна,+7 196 964 7072,"г. Тарко-Сале, ул. Есенина, д. 21, 785904",F,669928813055,agap2014vseslav_2008,['http://ao.info/']
55,"клх Малая Вишера, ул. Верхняя, д. 07, 348152",1999-10-04,A-,Артемьев,Министр,fominkuzma@rambler.ru,Кулаков Захар Бориславович,+7 (065) 145-59-60,"к. Новочеркасск, ул. Пожарского, д. 18, 980596",M,522261622068,safonovsvetozar,"['https://www.npo.biz/', 'http://www.rao.net/', 'http://ip.ru/']"
56,"ст. Бийск, ул. Степная, д. 26, 579003",2012-12-21,A+,АО «Калашникова Дьячкова»,Историк,moisebeljaev@yahoo.com,Ситникова Глафира Вениаминовна,+7 (649) 036-54-93,"к. Мирный, ул. Белинского, д. 43, 271046",F,785163216499,bkomarov,"['https://www.rao.info/', 'http://ip.ru/', 'https://www.ip.org/']"
57,"к. Бодайбо, ул. Угольная, д. 15, 261540",1992-03-12,0-,РАО «Миронова Смирнов»,Машинистка,burovvikenti@hotmail.com,Зимин Феликс Эдгардович,+7 (796) 059-5330,"д. Южноуральск, ул. Черняховского, д. 27, 599117",M,317941069728,gerasim_45,['https://www.ao.biz/']
58,"к. Бугуруслан, ул. Азовская, д. 27, 951518",1976-03-27,A+,ИП «Кириллова»,Холодильщик,shestakovavgust@mail.ru,Семенова Пелагея Львовна,+7 (692) 680-1608,"клх Байкальск, ул. Белорусская, д. 33, 992951",F,513360730638,guljaevaninel,"['http://alekseeva.net/', 'https://www.komissarov.edu/']"
59,"с. Дербент, ул. Блюхера, д. 35, 074933",1995-02-21,A+,НПО «Сазонова»,Ботаник,seleznevsavvati@gmail.com,г-жа Авдеева Фёкла Валериевна,+7 (687) 992-90-85,"д. Радужный, ул. Космонавтов, д. 09, 918924",F,449520908477,veselovmina,"['http://ip.net/', 'http://www.filatov.ru/', 'https://www.mamontov.com/']"
60,"г. Ревда (Сверд.), ул. Саратовская, д. 68, 509793",2000-01-08,B-,"НПО «Ефимова, Анисимова и Устинов»",Коневод,bobilevseliverst@yandex.ru,Колесников Никандр Аверьянович,+7 469 929 7184,"ст. Сухиничи, ул. Тургенева, д. 03, 595218",M,059581630084,borisovruben,"['http://ao.ru/', 'http://www.fedoseev.net/']"
61,"клх Андреаполь, ул. Красная, д. 44, 273625",1992-10-25,A+,НПО «Воронцова Горшкова»,Изобретатр,erast_52@gmail.com,Кондратьева Евгения Ниловна,+7 (906) 863-9795,"с. Иваново, ул. Юности, д. 62, 563360",F,749539666833,rostislav57,"['http://www.rao.org/', 'http://komarov.com/', 'https://rao.biz/', 'http://ao.org/']"
62,"с. Холмогоры, ул. Тупиковая, д. 88, 819269",2009-07-26,AB+,АО «Стрелкова-Калашникова»,Автогонщик,odoronin@gmail.com,Зайцев Савватий Филимонович,+7 591 470 69 99,"п. Киржач, ул. Придорожная, д. 33, 611321",M,241134464658,xantonova,"['http://ao.biz/', 'http://mjasnikov.com/', 'https://www.ao.org/', 'https://npo.org/']"
63,"с. Карпинск, ул. Тенистая, д. 75, 995533",2009-09-20,A-,Григорьев,Слесарь-механик,ykiselev@yahoo.com,Калинин Селиван Устинович,+7 (565) 886-39-71,"ст. Кырен, ул. Щербакова, д. 54, 421552",M,533681338126,grishinfoka,"['http://rao.edu/', 'http://rao.net/', 'http://www.ip.biz/', 'https://www.npo.ru/']"
65,"к. Осташков, ул. Казанская, д. 23, 383154",2015-04-30,0-,АО «Крюкова»,Бортмеханик,epifangushchin@hotmail.com,Гусева Анна Юрьевна,+7 907 680 57 60,"г. Домбай, ул. Петровская, д. 55, 327461",F,628066913430,kononovaevpraksija,['http://www.ip.edu/']
66,"к. Сорочинск, ул. Садовая, д. 35, 645710",1983-03-19,A+,НПО «Лапина-Туров»,Дизайнер,vadimnovikov@yandex.ru,Игнатов Касьян Герасимович,+7 511 147 78 29,"ст. Тверь, ул. Циолковского, д. 90, 838590",M,340011441850,evseevaviktorija,"['http://www.ip.com/', 'https://www.npo.info/']"
67,"клх Сыктывкар, ул. Ангарская, д. 76, 993846",1973-12-30,0+,ИП «Титова»,Генетик,milovanmakarov@hotmail.com,Чернова Анжела Харитоновна,+7 (595) 543-90-27,"п. Калевала, ул. Новоселов, д. 51, 492123",F,983534342884,gedeon1983zosima_1981,"['http://sisoeva.biz/', 'http://www.naumova.ru/', 'https://npo.net/', 'http://ao.com/']"
68,"г. Ивдель, ул. Попова, д. 98, 775233",1994-07-21,A+,НПО «Коновалов»,Дизайнер-конструктор,filipp1971evgraf_1977@yahoo.com,Владимиров Аполлинарий Якубович,+7 856 264 2090,"клх Арзамас, ул. Толстого, д. 05, 449054",M,279139107023,svjatoslavlihachev,"['http://npo.ru/', 'http://www.vladimirov.org/']"
69,"г. Елабуга, ул. Лесхозная, д. 75, 810050",1996-09-14,B+,РАО «Сафонова-Тетерин»,Педиатр,msamolov@hotmail.com,Копылов Никанор Игнатович,+7 241 151 13 85,"клх Углич, ул. Культуры, д. 41, 255293",M,227318769934,lazar1970roman_1972,"['http://www.rao.org/', 'https://www.npo.biz/']"
70,"ст. Рыбинск, ул. Макаренко, д. 56, 453873",1976-04-21,AB-,НПО «Никонов-Костина»,Химик-аналитик,braginkarl@gmail.com,Большаков Тимур Демидович,+7 (967) 669-92-04,"с. Набережные Челны, ул. Серова, д. 00, 857289",M,368329389638,vladislav_97,"['https://nesterov.org/', 'https://ip.biz/']"
71,"г. Карабулак, ул. Серафимовича, д. 85, 291498",2017-06-12,A+,"РАО «Соловьева, Лихачев и Белова»",Коммерческий директор,grigorevvelimir@hotmail.com,Игнатьев Тихон Ильич,+7 600 095 09 23,"к. Новый Уренгой, ул. Дачная, д. 71, 043542",M,920550673608,spiridon49,['http://ao.biz/']
72,"п. Сочи, ул. Заводская, д. 29, 574343",1988-04-14,AB+,НПО «Харитонов-Цветков»,Металлург,popovanaina@mail.ru,Матвеева Марфа Дмитриевна,+7 (157) 803-22-38,"ст. Серпухов, ул. Угольная, д. 67, 222934",F,397321938514,merkushevdenis,['http://rao.net/']
73,"г. Пушкин, ул. Рябиновая, д. 05, 878733",1976-03-25,AB+,АО «Мясникова Родионов»,Гренадер,arsenikondratev@yahoo.com,Цветков Евдоким Тихонович,+7 559 977 8303,"к. Александровск-Сахалинский, ул. Журавлева, д. 88, 381789",M,700007034063,kalininbogdan,"['https://ip.com/', 'http://www.sisoeva.ru/', 'https://ao.biz/', 'http://www.ip.edu/']"
74,"с. Сызрань, ул. Монтажников, д. 07, 464962",1988-12-08,AB-,Устинова,Оператор машинного доения,larionovefrem@mail.ru,Русакова Юлия Егоровны,+7 (377) 617-45-09,"к. Валаам, ул. Раздольная, д. 40, 618342",F,971962272625,sofron_60,['http://www.rao.org/']
75,"д. Сосновый Бор, ул. К.Маркса, д. 06, 314265",1982-11-11,0-,ИП «Зуев Одинцова»,Балетмейстер,oharitonova@hotmail.com,Брагина Светлана Вячеславовна,+7 092 796 84 12,"ст. Усть-Ишим, ул. Максима Горького, д. 10, 205005",F,410615787575,emil24,"['https://ao.com/', 'http://ip.ru/', 'http://www.kazakova.ru/']"
76,"г. Благовещенск (Амур.), ул. Выгонная, д. 98, 440862",1977-11-12,B+,АО «Степанова-Рыбаков»,Инженер-конструктор,kolobovatatjana@mail.ru,Колесникова Олимпиада Вячеславовна,+7 671 245 1048,"с. Магнитогорск, ул. Рязанская, д. 83, 760875",F,478319539208,hohlovaalina,"['https://www.ip.org/', 'https://www.rao.ru/', 'https://komarov.org/', 'http://ip.com/']"
77,"клх Новокузнецк, ул. Плеханова, д. 69, 649604",2001-10-27,AB+,Павлова,Авиатехник,kazimir_86@yahoo.com,Тихонов Остап Валентинович,+7 (182) 906-4994,"с. Лысьва, ул. Камская, д. 49, 478685",M,018841292502,anzhelika_94,"['https://www.npo.org/', 'https://rao.com/', 'https://www.rao.info/', 'http://www.ip.ru/']"
78,"с. Кетченеры, ул. Стахановская, д. 90, 501214",2010-09-05,B-,АО «Дорофеев»,Металлург,venedikt2008valerjan_2015@rambler.ru,Кулагина Людмила Кузминична,+7 596 572 6449,"с. Юрьевец (Иван.), ул. Новгородская, д. 46, 669698",F,875542324920,pnikonova,"['https://www.ip.biz/', 'https://www.rao.com/', 'http://npo.biz/']"
79,"клх Терней, ул. Родниковая, д. 37, 965155",1970-07-19,AB+,Мишин,Десантник,sidorovaljudmila@gmail.com,Горбачев Савва Ануфриевич,+7 062 628 87 50,"с. Абинск, ул. Ворошилова, д. 81, 175904",M,867114056113,kuznetsovjuvenali,['http://www.npo.net/']
80,"д. Нарым, ул. Окружная, д. 03, 173587",2009-06-15,B+,ИП «Антонов-Колесников»,Начальник службы,savvati1993valerjan_2001@mail.ru,Лобанова Нинель Дмитриевна,+7 (685) 054-2829,"к. Можга, ул. Горняцкая, д. 51, 678555",F,880267640910,avdeevlavr,"['https://www.npo.net/', 'https://ip.biz/', 'https://ip.net/']"
81,"с. Лагань, ул. Крылова, д. 12, 585489",1972-11-05,AB-,НПО «Антонова-Герасимова»,Упаковщик,bespalovavalentina@rambler.ru,Фролова Вероника Александровна,+7 177 265 00 47,"г. Тымовское, ул. Сибирская, д. 57, 041879",F,052299347263,sisoevgalaktion,"['http://ao.info/', 'https://www.npo.com/']"
82,"к. Эльтон, ул. Карьерная, д. 39, 245303",1999-04-23,A-,РАО «Соболев-Анисимова»,Столяр-краснодеревщик,orest81@yandex.ru,Лихачев Викторин Витальевич,+7 (305) 996-6812,"г. Мирный, ул. Верхняя, д. 63, 285934",M,525006160409,lev2010sevastjan_1972,"['http://www.antonova.info/', 'http://www.ao.edu/', 'http://romanova.biz/', 'https://www.rao.info/']"
83,"с. Йошкар-Ола, ул. Крылова, д. 09, 318163",1995-11-01,B-,АО «Евсеев Ефремова»,Неонатолог,isa2008silvestr_1973@rambler.ru,Блинова Элеонора Сергеевна,+7 (029) 289-88-46,"ст. Владимир, ул. Ангарская, д. 53, 128775",F,190335271038,mina1985ivan_1994,"['http://www.npo.net/', 'https://rao.com/']"
84,"с. Петушки, ул. Слободская, д. 53, 110506",1997-09-04,0+,АО «Козлов»,Невропатолог,blitkin@yandex.ru,Лаврентьева Надежда Тимуровна,+7 814 903 12 41,"п. Тольятти, ул. Шишкина, д. 10, 740321",F,768901907591,fedorbeljakov,"['http://www.ip.net/', 'https://gureva.com/', 'https://rao.com/']"
85,"п. Красногорск (Моск.), ул. Инженерная, д. 23, 189291",2005-09-11,0-,РАО «Осипов Макарова»,Коневод,qfedorova@mail.ru,г-н. Сидоров Андроник Владленович,+7 (577) 559-3760,"к. Лазаревское, ул. Садовая, д. 88, 743977",M,403113560339,agge16,['http://rao.biz/']
86,"д. Балашов, ул. Водопроводная, д. 20, 944161",1976-05-22,AB+,Кулаков,Инженер-конструктор,solovevadarja@mail.ru,Крылов Нестор Адамович,+7 (593) 820-0064,"д. Борзя, ул. Тихая, д. 86, 359636",M,465272287524,vladislav13,"['https://ao.org/', 'https://rao.org/']"
87,"г. Дагомыс, ул. Красногвардейская, д. 20, 654676",1974-09-08,AB+,"РАО «Абрамов, Кошелев и Якушев»",Археолог,noskovavgust@gmail.com,Кузьмина Таисия Евгеньевна,+7 447 701 74 62,"к. Ахтубинск, ул. Полтавская, д. 41, 576269",F,633668530775,maksim_40,"['http://kuzmina.biz/', 'https://www.rao.info/', 'https://rao.org/']"
88,"г. Нефтеюганск, ул. Пушкина, д. 99, 405809",2007-09-10,B-,Крюков,Интендант,tpavlova@yandex.ru,Волков Аристарх Эдгарович,+7 (271) 625-04-03,"к. Нарьян-Мар, ул. Февральская, д. 94, 943250",M,314502130352,seliverstmuravev,"['http://npo.edu/', 'http://ip.org/']"
89,"д. Орск, ул. Ростовская, д. 64, 585104",1992-09-17,0+,АО «Рыбаков»,Топограф,gmuhin@mail.ru,Калашникова Мария Дмитриевна,+7 (504) 917-1908,"с. Кострома, ул. Космонавтов, д. 62, 624962",F,100090394366,kudrjavtsevaakulina,"['http://www.ip.net/', 'http://www.ao.edu/', 'https://rao.ru/', 'http://npo.ru/']"
90,"д. Курумкан, ул. Рябиновая, д. 70, 341828",2013-12-09,A-,ИП «Григорьева-Стрелкова»,Дизайнер,ernest2012maksimiljan_1980@gmail.com,Одинцова Феврония Валериевна,+7 797 467 0121,"с. Новокузнецк, ул. Омская, д. 47, 477294",F,655427624356,viktorsilin,"['http://romanova.biz/', 'http://www.ip.org/', 'https://www.ao.info/']"
91,"к. Ростов-на-Дону, ул. Лесхозная, д. 44, 957395",1990-02-14,0-,"РАО «Владимирова, Якушев и Федосеев»",Лаборант,edoronin@yahoo.com,Исаков Кир Юлианович,+7 (924) 540-0389,"г. Осташков, ул. Весенняя, д. 24, 883806",M,975604240320,medvedevrodion,"['http://www.ip.net/', 'https://www.ip.edu/', 'http://ao.net/']"
92,"клх Яхрома, ул. Выгонная, д. 45, 310394",1994-09-24,AB-,РАО «Тетерин»,Виноградарь,vinogradovatamara@gmail.com,Морозов Софрон Авдеевич,+7 058 115 0487,"д. Шилка, ул. Сиреневая, д. 14, 492730",M,275306069181,karpjakushev,"['http://www.kabanova.org/', 'http://www.ip.org/', 'https://www.npo.org/']"
93,"к. Кашхатау, ул. Минская, д. 98, 434397",1987-06-08,AB-,АО «Александрова Костина»,Каскадёр,pestovauljana@rambler.ru,Лаврентьева София Михайловна,+7 (912) 233-2839,"п. Курильск, ул. Украинская, д. 07, 788534",F,703307114985,mironrogov,"['http://ao.ru/', 'http://www.npo.biz/']"
94,"к. Урай, ул. Верхняя, д. 40, 868614",1999-05-11,B-,ИП «Елисеева-Носова»,Косметолог,usuhanova@rambler.ru,Прохоров Эдуард Федотович,+7 (403) 538-30-85,"к. Ржев, ул. Большевистская, д. 89, 023481",M,347213119302,leonti_80,"['https://www.ao.com/', 'https://ip.com/', 'https://www.ao.biz/']"
95,"г. Мураши, ул. Тульская, д. 66, 735733",2014-02-08,A-,НПО «Фадеева-Силина»,Культуролог,kapustinkondrat@hotmail.com,Лаврентьев Валерий Вячеславович,+7 201 845 45 98,"с. Теберда, ул. Водопроводная, д. 16, 217469",M,609890994618,vikentivlasov,"['http://ao.edu/', 'https://www.rao.biz/', 'http://www.npo.com/', 'http://ao.net/']"
96,"г. Ербогачен, ул. Володарского, д. 37, 943694",1973-08-14,B-,НПО «Крюков»,Дипломатический работник,lukjan85@mail.ru,Силина Маргарита Аскольдовна,+7 080 844 3395,"д. Пышма, ул. Калужская, д. 42, 738660",F,631652256265,mishintihon,"['http://npo.info/', 'https://beljaeva.net/', 'https://npo.com/']"
97,"д. Луховицы, ул. Фабричная, д. 61, 196477",2015-06-10,0+,НПО «Исаев Ширяева»,Генетик,sigizmundsemenov@hotmail.com,Мамонтов Кузьма Харлампович,+7 (941) 363-06-70,"д. Каневская, ул. Коммунаров, д. 43, 718278",M,489092424593,ladimir48,"['http://ip.biz/', 'https://www.npo.org/', 'http://rao.info/']"
98,"д. Верхний Тагил, ул. Бульварная, д. 09, 431119",1975-09-08,0+,РАО «Карпова-Зуева»,Рентгенолог,markovfilimon@rambler.ru,Горбунов Демид Давидович,+7 (809) 839-61-64,"г. Карталы, ул. Мелиоративная, д. 36, 048081",M,146174405100,hristofor_57,"['http://ao.ru/', 'https://www.ao.net/', 'https://rao.net/', 'http://rao.edu/']"
99,"г. Каменск-Уральский, ул. Олега Кошевого, д. 52, 428954",2017-05-16,0-,НПО «Лукина Лобанов»,Вокалист,cheslavseliverstov@hotmail.com,Иванов Будимир Арсеньевич,+7 (462) 263-09-60,"п. Раменское, ул. Коммунальная, д. 15, 272624",M,759898533362,gostomisl03,['https://www.ip.edu/']
100,"клх Богучар, ул. Проточная, д. 30, 787436",1981-02-17,AB-,"ИП «Медведева, Абрамова и Евсеев»",Физик,subbotinalekse@yandex.ru,Крылова Октябрина Вадимовна,+7 (083) 421-6838,"ст. Сухиничи, ул. Сахалинская, д. 85, 397267",F,007517839814,zbelozerov,['http://www.ip.biz/']
101,"д. Троицк (Моск.), ул. Воровского, д. 21, 666190",1999-02-04,B-,ИП «Ефремов»,Кнопочник,mbragina@hotmail.com,Сафонова Алевтина Григорьевна,+7 986 065 35 58,"д. Лотошино, ул. К.Маркса, д. 46, 993017",F,299932866928,sisoevinnokenti,"['http://npo.ru/', 'https://ao.org/', 'https://www.npo.ru/']"
102,"с. Домбай, ул. Сельская, д. 61, 030427",1990-01-27,0-,РАО «Евсеева-Голубева»,Проктолог,ratibor00@gmail.com,Лапина Фёкла Петровна,+7 (822) 630-35-76,"с. Нарткала, ул. Победа, д. 03, 623897",F,090788901164,zinovibobilev,"['http://ip.info/', 'http://artemeva.ru/', 'http://ao.biz/']"
103,"г. Кизилюрт, ул. Индустриальная, д. 88, 026051",1989-11-24,B-,РАО «Григорьева Красильникова»,Переводчик,varvara_68@mail.ru,Артемьева Вера Рудольфовна,+7 (542) 981-11-41,"п. Брянск, ул. Ивановская, д. 18, 155234",F,446709796744,fevronija56,"['http://www.npo.net/', 'http://www.ip.info/']"
104,"д. Неплюевка, ул. Загородная, д. 52, 280835",2013-02-18,0+,РАО «Мишина Анисимов»,Политолог,kiselevapraskovja@yahoo.com,Константинова Акулина Владиславовна,+7 (837) 577-7030,"г. Горно-Алтайск, ул. Береговая, д. 31, 951183",F,538644733003,naumovanatalja,['https://npo.info/']
105,"к. Зарайск, ул. 60 лет СССР, д. 19, 239530",1978-11-15,A-,"ИП «Матвеев, Чернов и Евдокимов»",Страховой агент,nikanor2013erofe_1989@yandex.ru,Сазонова Агафья Тарасовна,+7 (727) 524-40-52,"ст. Сарапул, ул. Гончарова, д. 94, 334013",F,959207251049,karp_75,"['http://www.samolova.edu/', 'https://rao.ru/', 'http://yakushev.org/', 'https://www.rao.com/']"
106,"с. Нурлат, ул. Средняя, д. 58, 029772",1992-09-21,0-,ИП «Беспалов»,Диверсант,juri2010kim_1986@gmail.com,Филатова Василиса Харитоновна,+7 (338) 256-22-99,"с. Великие Луки, ул. Карьерная, д. 92, 949000",F,976340578212,evstignekabanov,"['http://ip.edu/', 'http://www.rao.com/']"
107,"ст. Миасс, ул. Мостовая, д. 78, 722831",2013-07-10,B+,Дроздов,Кромкозакатчик,platonterentev@gmail.com,Кондратьев Соломон Брониславович,+7 006 946 2265,"п. Кежма, ул. Загородная, д. 86, 765776",M,291930377686,sidor2011ustin_2015,"['http://rao.com/', 'http://ao.ru/', 'https://www.ao.info/']"
108,"д. Асбест, ул. Полевая, д. 65, 472003",1984-04-18,A-,РАО «Герасимова-Назарова»,Психотерапевт,kotovamarija@yahoo.com,Третьяков Остап Федосеевич,+7 032 542 03 71,"к. Великие Луки, ул. Привокзальная, д. 36, 462462",M,052294479695,evdokimterentev,"['https://www.rao.org/', 'http://www.suvorova.biz/', 'https://www.terenteva.biz/', 'http://www.veselov.edu/']"
109,"д. Дно, ул. Ломоносова, д. 77, 017429",1987-06-06,B+,РАО «Шилова Кузьмин»,Оперативный работник,dobromisl32@yahoo.com,Борисова Алина Кузьминична,+7 (939) 046-45-14,"д. Завьялиха, ул. М.Горького, д. 64, 046470",F,614840320191,oleg1977julija_1992,"['https://npo.edu/', 'http://www.ip.ru/', 'https://ao.net/']"
110,"п. Тарко-Сале, ул. Короткая, д. 39, 758848",2005-10-26,AB-,"ИП «Соколова, Гущина и Никитин»",Стоматолог,gavrilakalashnikov@hotmail.com,Колобова Прасковья Игоревна,+7 463 507 7873,"клх Назрань, ул. Декабристов, д. 08, 980819",F,482590962411,ukirillova,['http://npo.biz/']
111,"г. Гремячинск (Бурят.), ул. Дачная, д. 12, 309101",2005-05-04,AB-,АО «Евдокимова»,Имиджмейкер,longinvorontsov@hotmail.com,Колесникова Анастасия Ниловна,+7 (353) 760-36-43,"д. Боровск, ул. 70 лет Октября, д. 48, 744302",F,051769094651,jbobilev,['https://ao.info/']
112,"д. Нерчинск, ул. Высокая, д. 46, 951879",1972-07-18,A-,Котов,Дизайнер-конструктор,nikita_38@rambler.ru,Куликова Тамара Геннадьевна,+7 (707) 683-8610,"п. Оленек, ул. Поселковая, д. 49, 686432",F,676872187639,danila1975ljubomir_1999,['https://ip.net/']
113,"ст. Артем, ул. Белорусская, д. 43, 272893",1979-06-15,0+,Одинцов,Копирайтер,jaroslav_20@yandex.ru,Лыткин Алексей Васильевич,+7 769 884 25 61,"клх Магас, ул. Индустриальная, д. 02, 603257",M,926151101629,agge31,['https://npo.edu/']
114,"ст. Мураши, ул. Деповская, д. 18, 329519",2006-01-01,0+,Мартынова,Инженер-акустик,nekrasovapelageja@hotmail.com,Калашников Самуил Теймуразович,+7 649 356 27 27,"с. Кущевская, ул. Есенина, д. 57, 725367",M,494111060927,odintsovvissarion,"['http://konovalov.net/', 'https://www.ip.ru/', 'http://www.npo.info/']"
115,"к. Бугульма, ул. Кутузова, д. 20, 640226",2005-05-07,A+,АО «Елисеева»,Заточник,eleonora2006tatjana_2012@hotmail.com,Елисеева Людмила Матвеевна,+7 (099) 518-9061,"г. Новый Оскол, ул. Демьяна Бедного, д. 24, 963462",F,299913815917,averjan_25,['http://www.npo.ru/']
116,"п. Тында, ул. Лесозаводская, д. 34, 014328",1977-08-02,B+,ИП «Матвеев Филиппова»,Горнострелок,lazarevaagafja@gmail.com,Лаврентьев Гремислав Жоресович,+7 (776) 337-14-35,"ст. Лотошино, ул. О.Кошевого, д. 99, 279605",M,861218991587,artemevaalina,"['http://www.ip.org/', 'https://rao.edu/', 'https://npo.com/', 'http://www.rao.edu/']"
117,"ст. Тимашевск, ул. Пограничная, д. 48, 328626",1992-10-24,0+,"РАО «Котова, Новикова и Федотова»",Теолог,kononovafanasi@yahoo.com,Максимова Валентина Вячеславовна,+7 659 979 7571,"к. Орел, ул. Песочная, д. 77, 917515",F,206638622108,samsonovporfiri,"['https://npo.net/', 'http://www.konovalova.net/', 'https://www.ip.biz/', 'http://rao.net/']"
118,"д. Темрюк, ул. Халтурина, д. 42, 814145",1973-06-01,0+,ИП «Фролова»,Мануалист,xpetrov@yandex.ru,Романов Натан Игоревич,+7 982 843 30 98,"д. Нальчик, ул. Нахимова, д. 80, 026127",M,328936661374,muhinaevdokija,"['http://rao.net/', 'http://www.ao.biz/', 'https://npo.info/', 'http://filippova.ru/']"
119,"с. Ноглики, ул. Терешковой, д. 25, 710568",1972-01-28,A-,ИП «Карпов»,Декоратор,visheslav2016bogdan_1997@mail.ru,Зайцева Ангелина Олеговна,+7 (804) 000-32-29,"к. Пушкинские Горы, ул. Тургенева, д. 02, 393735",F,790021640602,filimon11,"['https://npo.edu/', 'https://npo.com/', 'https://subbotin.biz/']"
120,"г. Бирск, ул. Курчатова, д. 52, 863620",1980-07-15,0-,ИП «Щербакова-Сафонова»,Веб-мастер,foka44@gmail.com,Куликов Артемий Анисимович,+7 (720) 270-9837,"г. Новая Игирма, ул. Мусы Джалиля, д. 29, 927461",M,056596536652,kolesnikovinnokenti,"['https://www.rao.info/', 'http://www.ao.info/']"
121,"п. Рыльск, ул. Дальневосточная, д. 62, 161969",1998-12-07,AB+,НПО «Крылов»,Эндокринолог,vasilevaakulina@gmail.com,Блинов Творимир Ефимьевич,+7 (159) 281-52-04,"ст. Сосновый Бор, ул. Макаренко, д. 36, 193291",M,135836925863,belousovaeleonora,"['http://ao.ru/', 'https://www.ao.info/', 'https://www.rao.com/']"
122,"к. Киренск, ул. Воронежская, д. 98, 698214",1992-10-15,A+,НПО «Зимина»,Балерина,crozhkov@rambler.ru,Киселев Гостомысл Бенедиктович,+7 (201) 023-6024,"д. Горно-Алтайск, ул. Прибрежная, д. 40, 733104",M,659753973847,rjurik1973borislav_2017,"['https://www.npo.ru/', 'https://www.npo.edu/']"
123,"с. Усть-Кут, ул. Привольная, д. 65, 773727",1996-08-06,A+,Попова,Формовщик,antonovgorde@mail.ru,Волкова Нонна Федоровна,+7 245 303 07 84,"г. Тутаев, ул. М.Горького, д. 69, 696376",F,828549906816,darja51,"['https://volkov.org/', 'https://rao.info/']"
124,"клх Красноярск, ул. Главная, д. 35, 602197",2016-09-18,0+,ИП «Мясников»,Страховой агент,blinovavde@gmail.com,Никонова Елизавета Львовна,+7 682 929 82 97,"клх Омск, ул. Малая, д. 92, 487387",F,615772259062,psamsonova,"['http://www.beljaeva.ru/', 'http://www.ao.edu/', 'https://ao.net/', 'https://melnikov.biz/']"
125,"к. Агинское (Забайк.), ул. Химиков, д. 23, 294848",2006-07-11,B+,Крюков,Бульдозерист,samsonovazoja@yandex.ru,Титова Регина Ильинична,+7 349 436 83 67,"г. Краснотурьинск, ул. Путейская, д. 66, 644337",F,666462744042,emeljanovtimofe,"['http://www.ao.com/', 'http://www.ao.net/', 'https://ip.net/']"
126,"клх Беслан, ул. Мусы Джалиля, д. 70, 790384",1970-08-19,A-,НПО «Белякова Крюкова»,Кассир,evstafi1977gedeon_2016@yahoo.com,Кузьмина Раиса Вениаминовна,+7 696 171 41 36,"к. Бузулук, ул. Строительная, д. 95, 507257",F,199342454240,djachkovradim,['https://www.ao.com/']
127,"д. Ачхой Мартан, ул. Кочубея, д. 81, 276925",1986-08-02,B+,НПО «Зыкова»,Психотерапевт,gfedoseeva@yandex.ru,Зиновьева Пелагея Игоревна,+7 (535) 164-93-59,"ст. Салехард, ул. Воровского, д. 20, 854339",F,502694071230,belozerovatatjana,"['https://ip.ru/', 'https://ip.info/']"
128,"клх Устюжна, ул. Большевистская, д. 82, 667878",1971-02-13,AB-,АО «Ковалева Назаров»,Монтажник,rostislav_03@hotmail.com,Поляков Савва Феофанович,+7 (571) 268-78-51,"д. Химки, ул. Средняя, д. 07, 235074",M,639722852635,rafanaseva,"['https://npo.edu/', 'https://ip.biz/', 'http://npo.ru/']"
129,"с. Кедровый, ул. Специалистов, д. 87, 520102",1981-09-22,0+,"АО «Фокина, Силин и Панфилова»",Киномеханик,cbeljaeva@rambler.ru,Сафонова Ия Яковлевна,+7 (244) 454-2098,"п. Сосновый Бор, ул. Горняцкая, д. 75, 189285",F,975395451385,sharovvissarion,['http://npo.biz/']
130,"г. Томск, ул. Крайняя, д. 88, 170944",1999-10-16,AB-,РАО «Кузнецова Терентьева»,Метрдотель,martinovavera@yandex.ru,Кулаков Гурий Ефремович,+7 774 333 37 92,"д. Грозный, ул. Седова, д. 60, 180541",M,417649401773,shirjaevazhanna,"['https://www.npo.net/', 'http://www.dorofeev.ru/']"
131,"клх Ярославль, ул. Железнодорожная, д. 30, 551063",1970-09-23,B+,РАО «Фадеева-Суворов»,Авиатехник,platon1976jakov_1989@hotmail.com,Никонова Фёкла Степановна,+7 (862) 962-9400,"ст. Челябинск, ул. Коммунаров, д. 80, 383283",F,248933915642,msokolova,"['http://www.npo.edu/', 'http://www.gromov.biz/', 'http://www.npo.org/']"
132,"с. Долинск, ул. Слободская, д. 79, 820990",1977-01-17,A+,"РАО «Попова, Шарапова и Беспалова»",Лимфолог,ikalinina@rambler.ru,Кулакова Ирина Юльевна,+7 (713) 326-1762,"п. Алагир, ул. Мусы Джалиля, д. 01, 640057",F,294315295004,anikita_35,['https://samsonova.info/']
133,"к. Сочи, ул. Макаренко, д. 96, 982366",1995-03-14,0-,РАО «Евдокимов-Тетерин»,Дизайнер,arhipovisa@hotmail.com,Фомичева Анастасия Вадимовна,+7 (639) 357-5741,"ст. Малоярославец, ул. Шишкина, д. 77, 579301",F,142918359481,lavr_26,"['http://www.npo.ru/', 'https://www.npo.org/', 'http://www.ip.org/', 'http://npo.info/']"
134,"ст. Воркута, ул. Таежная, д. 59, 138198",1973-12-25,A-,АО «Котов Муравьев»,Хирург,seliverstovamarija@yahoo.com,Петухова Анжела Алексеевна,+7 (546) 707-6047,"ст. Верхний Баскунчак, ул. Средняя, д. 35, 550706",F,050919946258,juliromanov,['http://npo.ru/']
135,"к. Новый Уренгой, ул. Добролюбова, д. 06, 912818",2004-09-17,A-,Гуляева,Дознаватель,serge2006naina_1992@yahoo.com,Воронцов Трифон Ааронович,+7 (573) 463-9600,"д. Тамбей, ул. Заводская, д. 97, 215194",M,745240071775,fzuev,"['http://rao.biz/', 'http://ip.ru/', 'http://www.ip.net/']"
136,"к. Луховицы, ул. Минская, д. 90, 297307",1996-06-24,A+,РАО «Орехова-Шаров»,Хирург,taisija1973valerija_1994@yandex.ru,Никитин Антип Демьянович,+7 678 066 17 94,"к. Сковородино, ул. Кузнецкая, д. 29, 625497",M,136794998931,orest55,['https://rao.net/']
137,"г. Нижний Новгород, ул. Верхняя, д. 52, 261167",1981-12-06,B-,"НПО «Белова, Елисеев и Куликова»",Архитектор,cheslav77@gmail.com,Калинин Моисей Всеволодович,+7 (117) 481-36-77,"к. Калуга, ул. Братская, д. 00, 649167",M,175208564367,gorbunovluka,"['http://ao.info/', 'https://solovev.info/']"
138,"с. Гудермес, ул. Белорусская, д. 68, 954204",1996-08-10,0+,Лихачева,Дилер,akostin@rambler.ru,Рябова Антонина Юрьевна,+7 (537) 691-77-34,"ст. Дмитров, ул. Зои Космодемьянской, д. 60, 779493",F,341208204247,kuzminstojan,"['https://www.rao.net/', 'http://npo.edu/', 'http://npo.net/']"
139,"п. Губкинский, ул. Автомобилистов, д. 06, 177678",1999-02-03,B+,НПО «Гуляев-Панфилова»,Инженер-гальваник,ostromir2014glafira_1997@rambler.ru,Антонова Акулина Борисовна,+7 (170) 729-5840,"г. Бузулук, ул. Рылеева, д. 50, 697386",F,277094338553,romanovljubosmisl,"['http://ip.org/', 'http://rao.edu/']"
140,"клх Заводоуковск, ул. Советской Армии, д. 61, 267718",1998-08-06,B-,РАО «Молчанов»,Литейщик,agata_05@rambler.ru,Карпов Тарас Антипович,+7 967 369 0320,"д. Иваново, ул. Астраханская, д. 22, 017251",M,570381701657,radim_24,['http://molchanov.biz/']
141,"с. Кежма, ул. 40 лет Октября, д. 56, 763641",2002-02-26,0+,ИП «Силин Кабанов»,Министр,lazarkuzmin@gmail.com,Логинов Ульян Даниилович,+7 (463) 403-53-59,"п. Кузнецк, ул. Матросова, д. 07, 715967",M,156358274595,askold_63,"['http://www.ustinova.net/', 'http://www.ao.org/', 'https://www.ao.ru/']"
142,"ст. Токма, ул. Чкалова, д. 36, 541940",1980-11-14,B+,НПО «Беспалова Марков»,Геодезист,oksana41@yandex.ru,Доронина Феврония Владимировна,+7 (943) 849-96-28,"к. Холмогоры, ул. Терешковой, д. 07, 588183",F,524220748600,vladislav_75,['https://www.panfilov.info/']
143,"д. Кулу, ул. Курганная, д. 74, 463700",1995-01-17,AB+,Воробьева,Начальник штаба,cgerasimova@rambler.ru,Авдеев Измаил Александрович,+7 128 351 8764,"клх Пермь, ул. Щербакова, д. 91, 240298",M,906484472822,ekaterina84,['https://www.ip.com/']
144,"с. Хужир, ул. Мелиораторов, д. 19, 696276",2001-04-07,AB+,"АО «Кулакова, Терентьев и Титова»",Мерчандайзер,pahomovaglafira@rambler.ru,Жданова Маргарита Руслановна,+7 131 847 28 68,"клх Ачинск, ул. Подстанция, д. 84, 160526",F,989159068291,irakli2014tit_1984,"['http://www.ao.net/', 'https://npo.edu/', 'https://www.ao.biz/', 'http://rao.ru/']"
145,"клх Березники, ул. Гаражная, д. 22, 862587",1997-11-10,AB+,НПО «Александров-Юдина»,Техник,larisa_51@yahoo.com,Сафонов Адриан Ефремович,+7 (054) 092-4730,"п. Гатчина, ул. Блюхера, д. 84, 405859",M,617780625533,safonovavarvara,"['http://www.rao.biz/', 'http://www.zimina.info/', 'http://www.ao.biz/', 'http://www.yakovleva.ru/']"
146,"г. Шерегеш, ул. Энтузиастов, д. 51, 747030",2005-01-25,AB-,РАО «Орлов Родионова»,Маркитант,btsvetkov@yandex.ru,Тарасова Варвара Юльевна,+7 956 683 5213,"клх Армавир, ул. Шаумяна, д. 43, 709051",F,440651801146,dfedotov,"['http://www.npo.ru/', 'https://ip.biz/']"
147,"д. Благовещенск (Амур.), ул. Железнодорожная, д. 59, 295880",1977-09-28,0-,"ИП «Щербакова, Евдокимов и Соколов»",Коневод,dementevavera@mail.ru,Сазонова Алла Егоровна,+7 943 515 04 68,"с. Новороссийск, ул. Байкальская, д. 08, 826203",F,125591994269,savvakuznetsov,"['http://www.npo.info/', 'https://www.ao.org/', 'https://npo.com/']"
148,"с. Яшалта, ул. Достоевского, д. 87, 759898",2012-05-21,A+,НПО «Григорьев-Журавлев»,Телемастер,saveli2001vadim_1983@yahoo.com,Мухина Марина Кузьминична,+7 455 413 50 64,"клх Урай, ул. Приморская, д. 06, 151352",F,766723552758,bikovkir,"['https://odintsov.org/', 'http://www.krilov.info/', 'https://rao.ru/']"
149,"с. Петухово, ул. Высоцкого, д. 35, 914020",1998-07-11,AB-,РАО «Воронова-Большакова»,Травматолог,semenovanadezhda@rambler.ru,Сергеев Григорий Ааронович,+7 376 228 3193,"с. Мурманск, ул. Надежды, д. 82, 819225",M,152483912731,jakub_45,"['http://www.rao.org/', 'http://www.tretjakova.ru/', 'https://medvedev.net/', 'https://www.rao.com/']"
150,"п. Северо-Курильск, ул. Советская, д. 17, 287643",2012-03-31,A+,Андреева,Композитор,trofimovharlampi@yandex.ru,Жданов Анатолий Артемьевич,+7 251 563 8419,"ст. Кежма, ул. Красноярская, д. 17, 937814",M,918378545835,kudrjavtsevataisija,"['https://rao.net/', 'http://www.npo.info/', 'http://www.npo.edu/', 'http://kostina.net/']"
151,"г. Кабанск, ул. Сахалинская, д. 40, 168021",1981-10-03,B-,ИП «Соболева»,Инженер-лаборант,akim2003hariton_1983@hotmail.com,Соболев Юрий Ильясович,+7 641 359 0794,"к. Троицк (Моск.), ул. Зеленая, д. 13, 323758",M,828682878716,karp1997vladilen_1974,"['https://www.vorontsov.biz/', 'https://ip.net/', 'https://kotov.org/', 'https://ao.biz/']"
152,"ст. Нижнеудинск, ул. Солнечная, д. 22, 266873",1989-01-31,A-,РАО «Титов»,Фуражир,titdanilov@rambler.ru,Алексеев Вацлав Гордеевич,+7 (024) 346-77-90,"с. Воркута, ул. 50 лет Победы, д. 94, 030014",M,139020812630,saveli1982ipat_2009,"['http://www.ao.org/', 'https://www.karpov.info/']"
153,"п. Лабинск, ул. Прудовая, д. 65, 890573",1987-07-02,AB-,АО «Афанасьева-Новикова»,Серпентолог,ybobilev@rambler.ru,Лазарев Панфил Захарьевич,+7 588 777 0069,"п. Санкт-Петербург, ул. Высоковольтная, д. 65, 053937",M,585737710148,fokinapraskovja,"['http://www.ip.biz/', 'https://www.ip.info/', 'http://www.gordeeva.net/']"
154,"п. Северобайкальск, ул. Фабричная, д. 19, 944896",1990-07-01,A+,ИП «Пестов-Лапин»,Инженер-физик,viktorin1981pahom_1970@yahoo.com,Петухова Пелагея Феликсовна,+7 943 554 4686,"клх Бодайбо, ул. Автомобилистов, д. 61, 341678",F,048808666686,sharovsilanti,['http://gorbacheva.biz/']
155,"с. Тамбов, ул. Короткая, д. 36, 024068",1990-03-02,0+,"АО «Сысоев, Филатов и Некрасов»",Лингвист,filippovnifont@yandex.ru,Афанасьев Чеслав Фёдорович,+7 718 141 17 78,"с. Нижнеудинск, ул. Щетинкина, д. 90, 141235",M,800343820679,pkrilova,"['https://www.belozerov.info/', 'http://www.npo.biz/']"
156,"к. Астрахань, ул. Попова, д. 31, 029254",1973-05-09,A-,РАО «Кабанова-Кулагина»,Специалист по клеточным технологиям,hmaksimov@gmail.com,Козлова Евпраксия Руслановна,+7 (013) 881-01-89,"клх Радужный, ул. Комарова, д. 93, 569191",F,966729209288,makarkomissarov,['http://rao.info/']
157,"клх Галич, ул. Мелиоративная, д. 88, 244678",1984-09-25,AB+,"ИП «Игнатова, Мишина и Карпов»",Географ,juli1986efrem_1980@mail.ru,Яковлев Милован Харламович,+7 (896) 417-9390,"ст. Усть-Кулом, ул. Циолковского, д. 54, 009351",M,987503526318,kolesnikovfilaret,"['https://www.vladimirova.net/', 'http://www.rao.info/']"
158,"к. Муром, ул. Брянская, д. 55, 435029",1997-10-28,B+,ИП «Панова Гришина»,Печатник,avde_53@mail.ru,Матвеева Ираида Рудольфовна,+7 903 848 8959,"г. Невельск, ул. 8-е Марта, д. 00, 974825",F,208013256287,fominermola,"['http://rao.biz/', 'https://ao.net/', 'http://vinogradova.biz/', 'https://www.ip.net/']"
159,"г. Биробиджан, ул. Иванова, д. 02, 604706",2000-02-21,A+,РАО «Ермаков Осипов»,Штурман,jaroslav1980veniamin_1990@hotmail.com,Кулакова Феврония Антоновна,+7 (537) 957-74-74,"ст. Дмитров, ул. Кирпичная, д. 00, 960163",F,163988697707,filipp1982filaret_1994,"['http://maksimova.ru/', 'https://npo.ru/', 'https://antonov.ru/']"
160,"ст. Шарья, ул. Коммунальная, д. 74, 377199",1984-07-23,B-,НПО «Давыдов Копылов»,Пчеловод,adam2015gorde_2014@mail.ru,Громова Валентина Макаровна,+7 623 639 4071,"г. Тура, ул. Харьковская, д. 21, 182441",F,008791258345,ddrozdova,['https://www.teterin.info/']
161,"п. Мичуринск, ул. Мостовая, д. 59, 135694",1978-04-16,0+,АО «Сафонов-Пахомов»,Военный дознаватель,moke48@hotmail.com,Соколова Алина Никифоровна,+7 (283) 974-4001,"к. Верхотурье, ул. Свободы, д. 15, 618988",F,792558228264,kondratevstepan,"['https://rao.net/', 'http://rao.biz/']"
162,"клх Игнашино, ул. Павлика Морозова, д. 70, 880513",1971-04-12,0-,Селезнев,Востоковед,refimov@mail.ru,тов. Мамонтов Аникита Валерьевич,+7 (320) 075-3158,"ст. Самара, ул. Степана Разина, д. 46, 667962",M,644692172009,strelkovarefi,"['http://ip.biz/', 'https://ao.ru/', 'http://rao.net/']"
163,"к. Рославль, ул. Средняя, д. 43, 623170",2000-08-23,0+,АО «Галкина»,Терапевт,kuprijan1971vsemil_2011@mail.ru,Агафонова Кира Константиновна,+7 (476) 066-8835,"д. Баргузин, ул. Ростовская, д. 85, 365410",F,205876154833,beljaeviosif,['http://ip.info/']
164,"п. Петрозаводск, ул. Макаренко, д. 82, 518811",1983-10-12,0-,"ИП «Мухина, Галкина и Бобылева»",Менеджер,prokl1981leonti_2017@rambler.ru,Мамонтов Петр Эдгардович,+7 (000) 217-6070,"к. Усть-Камчатск, ул. Разина, д. 64, 580111",M,801831390843,lfokina,"['http://ao.com/', 'http://www.haritonov.info/', 'http://npo.org/']"
165,"клх Далматово, ул. Челюскинцев, д. 01, 683957",1999-12-22,0-,"АО «Сафонова, Абрамов и Горшкова»",Архивариус,evstigne27@mail.ru,Цветков Остромир Григорьевич,+7 073 280 8433,"клх Забайкальск, ул. Астраханская, д. 24, 619204",M,624187417753,ernst17,"['https://www.npo.biz/', 'http://www.kovalev.ru/', 'https://rao.net/', 'http://www.rao.edu/']"
166,"с. Нижний Тагил, ул. Заозерная, д. 82, 935240",1982-07-08,A-,"АО «Аксенова, Киселев и Сорокина»",Садовник,guvarova@gmail.com,Панфилова Любовь Константиновна,+7 283 909 8681,"д. Добрянка, ул. Р.Люксембург, д. 84, 284710",F,404998639929,miheevostap,"['https://www.npo.biz/', 'http://rao.net/', 'https://www.npo.ru/', 'http://rao.org/']"
167,"п. Середниково, ул. Кленовая, д. 77, 189709",1983-03-04,B+,РАО «Павлов»,Зоотехник,stojan_36@gmail.com,Елисеева Надежда Валентиновна,+7 126 688 99 68,"клх Шелагонцы, ул. Вольная, д. 22, 214876",F,294924003908,anikita1982stepan_1989,"['https://npo.org/', 'http://www.rao.com/', 'http://npo.net/']"
168,"клх Беслан, ул. Огородная, д. 17, 792589",1976-12-25,AB+,ИП «Филатов-Лихачев»,Инженер-энергетик,judinustin@hotmail.com,Белоусов Изяслав Феликсович,+7 (396) 975-3095,"д. Урюпинск, ул. Кооперативная, д. 44, 571642",M,780034342462,kopilovnestor,"['http://makarov.info/', 'https://npo.biz/', 'http://ip.ru/', 'http://ip.org/']"
169,"д. Яшалта, ул. Мельничная, д. 67, 786849",2010-09-23,AB+,"НПО «Одинцов, Матвеев и Комиссарова»",Сомнолог,selivan42@yandex.ru,Кулакова Евгения Владимировна,+7 (586) 547-3386,"с. Сарапул, ул. Механическая, д. 68, 800354",F,379147778870,avdeevaveronika,"['https://www.ao.ru/', 'http://rao.ru/']"
170,"г. Абинск, ул. Иркутская, д. 06, 329184",2001-09-14,0-,Алексеев,Эндоскопист,samolovtvorimir@gmail.com,г-н. Казаков Терентий Гордеевич,+7 (404) 407-2738,"с. Витим, ул. Проточная, д. 54, 952763",M,808866788620,kolesnikovalora,"['https://www.ip.info/', 'https://www.ip.info/']"
171,"клх Ухта, ул. Бажова, д. 67, 140475",1993-03-18,AB+,РАО «Елисеев»,Медник,kasjan_36@rambler.ru,Андреев Станимир Даниилович,+7 (702) 880-97-26,"д. Новомосковск, ул. Городская, д. 16, 416000",M,620410134658,grigorevatatjana,"['http://www.ao.org/', 'https://www.ip.biz/', 'http://www.npo.org/', 'https://www.ao.info/']"
172,"с. Пятигорск, ул. Радищева, д. 53, 973639",1996-06-29,0+,"АО «Зайцева, Данилова и Емельянов»",Токсиколог,ipatsazonov@yahoo.com,Александрова Галина Кирилловна,+7 (462) 848-41-87,"д. Сузун, ул. Безымянная, д. 95, 766141",F,669503737037,abramovolimpi,['https://ip.org/']
173,"ст. Якутск, ул. Первомайская, д. 12, 715576",2001-05-18,AB+,АО «Силин-Яковлев»,Артиллерист,kallistrat_76@yahoo.com,Потапова Лидия Эдуардовна,+7 (405) 727-7492,"п. Озеры, ул. Харьковская, д. 51, 593420",F,117177487719,terentevvissarion,"['https://www.djachkov.org/', 'http://doronina.com/', 'http://www.npo.biz/', 'http://www.rao.ru/']"
174,"п. Туруханск, ул. Большая, д. 43, 108848",2013-08-06,AB+,"АО «Панова, Кириллов и Борисов»",Юрисконсульт,prokofi03@gmail.com,Дроздов Игнатий Ефимович,+7 066 454 5415,"ст. Тула, ул. Бабушкина, д. 79, 921851",M,657305873215,krasilnikovostap,"['https://npo.ru/', 'http://www.rao.biz/', 'http://www.ip.com/', 'https://www.ip.ru/']"
175,"г. Нарьян-Мар, ул. Веселая, д. 03, 956442",2014-06-11,B-,РАО «Белоусова-Шилов»,Вирусолог,pahompestov@mail.ru,Шилов Леонид Феодосьевич,+7 (040) 882-15-46,"с. Кунгур, ул. Лесная, д. 53, 730154",M,354064737622,vishnjakovaanastasija,['http://www.npo.ru/']
176,"с. Звенигород, ул. Сахалинская, д. 34, 444117",1972-06-20,A+,"АО «Кириллов, Морозова и Трофимов»",Танкист,ivanovgrigori@yahoo.com,Сазонов Давыд Эдгарович,+7 434 100 4915,"д. Торжок, ул. Станционная, д. 88, 200140",M,480115682369,izjaslav91,['https://rao.edu/']
177,"с. Жиганск, ул. Свободная, д. 72, 902595",1996-08-04,B+,НПО «Степанов»,Бортмеханик,adamantonov@hotmail.com,Горбачев Никифор Иларионовичх,+7 674 291 33 34,"к. Павловский Посад, ул. Полтавская, д. 70, 253244",M,062363151611,izmail2004valentin_1990,"['http://www.npo.org/', 'http://ao.biz/', 'https://ip.biz/', 'https://www.ao.net/']"
178,"к. Щелково, ул. Хвойная, д. 00, 551044",1995-02-21,0-,"РАО «Гусева, Калинина и Котова»",Наводчик орудия,lavrenti1997radim_1990@hotmail.com,г-н. Князев Самсон Артёмович,+7 (053) 954-12-74,"п. Сортавала, ул. Камская, д. 04, 806056",M,559480591019,anazarov,"['http://npo.net/', 'https://rao.net/', 'https://poljakova.ru/', 'https://ao.ru/']"
179,"г. Сладково, ул. Февральская, д. 14, 664033",2005-03-06,0+,АО «Мухина»,Животновод,feofan1998averjan_1982@yahoo.com,Дементьев Гремислав Алексеевич,+7 (599) 268-9090,"п. Горячинск, ул. Слободская, д. 62, 591342",M,891008306998,pavlovevse,['http://npo.edu/']
180,"с. Чебаркуль, ул. Шишкина, д. 25, 019660",1994-08-02,AB+,НПО «Константинова»,Психолог,popovevdokim@gmail.com,Нестеров Илья Богданович,+7 753 335 39 68,"г. Голицыно, ул. Заречная, д. 54, 871863",M,553061029400,kulaginapollon,"['http://www.aleksandrov.biz/', 'https://npo.ru/', 'https://npo.org/']"
181,"д. Чита, ул. Буденного, д. 42, 462791",1980-01-14,A+,АО «Егоров»,Жиловщик/Обвальщик,georgi37@gmail.com,Тетерина Лидия Антоновна,+7 838 717 23 08,"г. Алагир, ул. Раздольная, д. 18, 961455",F,810198269245,ignatovvatslav,['https://npo.net/']
182,"клх Мурманск, ул. Пограничная, д. 32, 110564",1981-02-12,A+,"АО «Доронина, Ларионов и Савельева»",Программист,koroleverofe@yandex.ru,Белова Дарья Валериевна,+7 365 311 5456,"клх Усмань, ул. Тульская, д. 49, 479732",F,894049940307,januari1989stojan_1998,"['http://ip.edu/', 'http://www.ip.com/', 'http://www.npo.com/']"
183,"с. Хасан, ул. Короленко, д. 34, 098285",1996-03-08,B-,РАО «Дмитриев Семенов»,Полицейский,ivanovradovan@hotmail.com,Исакова Людмила Робертовна,+7 918 242 5722,"д. Курчатов, ул. Металлургов, д. 30, 149374",F,180444875951,fade1984visheslav_2016,['http://ip.edu/']
184,"ст. Белый Яр (Томск.), ул. Мельничная, д. 41, 064790",1996-12-09,0-,НПО «Мамонтов Носков»,Лоцман,frolovaveronika@yahoo.com,Макарова Вероника Вадимовна,+7 343 140 36 42,"д. Домодедово, ул. Грибоедова, д. 87, 121166",F,879799845641,german24,"['http://www.rao.com/', 'http://www.ip.ru/']"
185,"клх Аша, ул. Тургенева, д. 89, 849786",1981-01-16,B+,РАО «Русакова Лаврентьева»,Шифровальщик,konstantin_25@yandex.ru,Сысоев Сидор Исидорович,+7 342 790 6819,"п. Ряжск, ул. Мирная, д. 46, 643254",M,340565877662,lukinavarvara,"['http://www.rao.edu/', 'http://www.npo.net/']"
186,"п. Ижевск, ул. Щербакова, д. 35, 954535",2011-10-02,0+,АО «Шилов-Гурьева»,Уборщик,alevtina2017vladilen_1984@yahoo.com,Комарова Анастасия Евгеньевна,+7 (248) 924-93-83,"клх Кемерово, ул. Аэродромная, д. 58, 689470",F,759438677936,larionovkondrati,"['http://rao.org/', 'https://www.bobrova.info/']"
187,"д. Наро-Фоминск, ул. Нахимова, д. 49, 030347",1998-11-14,AB+,"РАО «Большакова, Голубев и Афанасьев»",Палеонтолог,nikonovdmitri@gmail.com,Пономарева Ольга Ильинична,+7 258 106 8582,"г. Бугуруслан, ул. Красногвардейская, д. 77, 883628",F,120104988154,svjatoslavsemenov,"['http://rao.info/', 'https://rao.info/', 'https://www.npo.ru/']"
188,"клх Котельнич, ул. Гражданская, д. 08, 599094",2006-03-08,B+,Фадеева,Электрик,kolesnikovfoma@yahoo.com,Анисимова Антонина Захаровна,+7 921 262 17 31,"г. Элиста, ул. Черемуховая, д. 00, 977162",F,850316224632,kotovpanfil,['http://npo.ru/']
189,"к. Завьялиха, ул. Учительская, д. 17, 625822",2013-07-05,0+,Крылова,Зенитчик,nekrasovbogdan@hotmail.com,Беляев Пров Денисович,+7 (686) 927-31-26,"к. Ясный (Оренб.), ул. Сибирская, д. 45, 028110",M,793421691901,julija2003galaktion_1989,"['https://rao.edu/', 'http://www.kazakova.org/', 'http://ao.info/']"
190,"к. Гудермес, ул. Томская, д. 21, 175166",1980-06-29,B-,Борисова,Токсиколог,sofija21@rambler.ru,Журавлев Назар Игнатович,+7 (846) 362-44-74,"с. Орск, ул. Каштановая, д. 12, 062359",M,746820881185,akim_31,"['https://ignatev.org/', 'https://www.ao.net/', 'http://www.npo.net/']"
191,"к. Черкесск, ул. Тепличная, д. 12, 006130",1973-05-31,0+,"ИП «Антонова, Капустин и Кулагин»",Борт-инженер,dorofe11@rambler.ru,Коновалов Евсей Эдгардович,+7 (473) 078-81-80,"к. Адыгейск, ул. Дорожная, д. 79, 968756",M,336969908595,morozovmodest,"['https://www.ivanova.org/', 'http://www.djachkova.net/', 'http://www.npo.biz/', 'https://ip.ru/']"
192,"п. Тарко-Сале, ул. Карбышева, д. 25, 823805",1985-02-01,0+,Фокин,Садовод,tjudin@yandex.ru,Родионова Элеонора Ефимовна,+7 (588) 298-5298,"ст. Усть-Баргузин, ул. Весенняя, д. 52, 293262",F,538044435336,anike86,"['https://ip.com/', 'http://www.ip.edu/']"
193,"п. Челябинск, ул. Рязанская, д. 96, 594091",1999-11-13,B+,"РАО «Зыков, Маслова и Карпов»",Астрофизик,mamontovamilitsa@mail.ru,Субботин Рюрик Ефстафьевич,+7 911 629 8680,"клх Партизанск, ул. Дальняя, д. 84, 745156",M,036653879894,fedosi_16,"['https://isakova.org/', 'https://www.ao.biz/']"
194,"г. Сосногорск, ул. Металлистов, д. 63, 851662",2013-01-22,0+,Зайцев,Механик-Водитель,osipovavalerija@yahoo.com,Анисимов Тит Геннадиевич,+7 (298) 481-57-73,"клх Сургут (Хант.), ул. Прудовая, д. 81, 981158",M,144440964151,solovevpanfil,"['http://ip.ru/', 'https://gorshkov.info/', 'https://burova.org/']"
195,"с. Петухово, ул. Свободная, д. 54, 379717",1983-10-14,0+,"ИП «Белов, Исаев и Богданова»",Начальник гаупвахты,lvolkova@yandex.ru,Федорова Марфа Даниловна,+7 (868) 815-0818,"к. Троицко-Печорск, ул. Победы, д. 94, 290460",F,549429136512,fominaglafira,"['http://vishnjakov.com/', 'https://www.npo.biz/', 'https://rao.com/', 'http://www.gorbunov.ru/']"
196,"с. Чехов, ул. Смоленская, д. 02, 646716",2005-07-03,AB-,Сазонов,Программист,rnekrasov@rambler.ru,Гусев Гордей Иосифович,+7 (400) 192-55-47,"г. Билибино, ул. Кольцова, д. 52, 155992",M,453126710352,ibespalov,"['http://www.ip.info/', 'https://guljaev.info/', 'http://www.ao.ru/', 'http://ao.info/']"
197,"к. Черняховск, ул. Вокзальная, д. 35, 347577",1971-07-07,A+,АО «Смирнов»,Фермер,vadim2011gedeon_1997@rambler.ru,Королева Анастасия Федоровна,+7 338 114 9849,"ст. Стерлитамак, ул. Пригородная, д. 88, 385126",F,011460065288,silinvladlen,"['http://www.npo.info/', 'http://www.rao.net/', 'https://rao.ru/', 'http://rao.edu/']"
198,"к. Ханты-Мансийск, ул. Свободы, д. 68, 049875",1992-03-22,B-,НПО «Лебедева Аксенов»,Повар,hfedorova@yandex.ru,Рябова Анжела Тимофеевна,+7 (547) 769-6023,"с. Хабаровск, ул. Приморская, д. 33, 179188",F,783544720569,vorobevbronislav,['https://www.rao.info/']
199,"п. Каменномостский, ул. Раздольная, д. 63, 372550",1996-09-26,B-,"РАО «Носова, Корнилова и Орлов»",Министр,sobolevvjacheslav@hotmail.com,Гурьев Венедикт Якубович,+7 (534) 168-68-68,"ст. Кажим, ул. Свободы, д. 75, 243915",M,828008791466,iosif1971valentina_2012,"['https://www.ip.info/', 'https://www.rao.ru/', 'http://www.npo.biz/']"
200,"п. Рыбинск, ул. Серафимовича, д. 08, 960993",2007-03-07,A-,"НПО «Мамонтова, Симонов и Лукина»",Стрелочник,lapinaevfrosinija@gmail.com,Горбачев Фортунат Фокич,+7 818 180 7456,"г. Когалым, ул. Кузнечная, д. 96, 571357",M,935686142240,ltretjakova,"['https://ershova.edu/', 'https://rao.biz/', 'http://npo.edu/']"
201,"п. Гатчина, ул. Станционная, д. 30, 469325",2011-06-13,A+,ИП «Одинцов-Козлова»,Декоратор,valentinkrjukov@mail.ru,Михеева Галина Артемовна,+7 258 828 9789,"п. Лабытнанги, ул. Горняцкая, д. 53, 320341",F,798589676797,sorokinaoktjabrina,['http://www.ao.org/']
202,"г. Мончегорск, ул. Лазурная, д. 86, 641255",1980-04-27,AB-,АО «Васильева»,Сапожник,radislav2005irina_1997@yahoo.com,Беляев Фотий Харлампьевич,+7 885 829 39 20,"к. Цимлянск, ул. Пугачева, д. 06, 604794",M,393774391359,mina_12,"['http://www.ao.org/', 'http://www.rao.com/', 'https://www.subbotina.ru/', 'https://www.ip.info/']"
203,"к. Когалым, ул. Городская, д. 90, 766527",1976-08-24,B+,"ИП «Сорокина, Горшков и Кудряшов»",Водитель,tretjakovsolomon@yandex.ru,Блинова Лидия Тимофеевна,+7 299 066 10 93,"д. Сеймчан, ул. Вишневая, д. 23, 671959",F,623525252247,mamontovfade,"['https://www.konovalova.org/', 'https://www.rao.edu/', 'http://www.poljakova.com/', 'http://npo.org/']"
204,"клх Тулпан, ул. Саратовская, д. 47, 845767",1973-08-23,A+,"ИП «Орехов, Некрасов и Большаков»",Инкассатор,ostapborisov@hotmail.com,Фомичева Регина Вадимовна,+7 590 112 0191,"с. Светлогорск (Калин.), ул. Максима Горького, д. 04, 620569",F,119640475375,german2001porfiri_2007,"['https://www.npo.info/', 'http://ao.biz/', 'http://ip.net/', 'http://www.ao.edu/']"
205,"д. Ижевск, ул. Водников, д. 10, 260874",2012-01-05,A-,АО «Моисеева-Соколов»,Сексопатолог,fzhdanova@rambler.ru,Матвеев Христофор Эдгардович,+7 (508) 483-3270,"д. Калуга, ул. Ульяновская, д. 12, 386118",M,046834558237,fokinjakov,"['https://www.ao.edu/', 'https://npo.info/']"
206,"п. Соболево, ул. Окружная, д. 19, 558029",2008-05-26,B+,"НПО «Комиссаров, Ильин и Большакова»",Андролог,izot_99@hotmail.com,Блинова Эмилия Валериевна,+7 (829) 922-91-27,"ст. Быково (метеост.), ул. Троицкая, д. 97, 839130",F,408294469245,safonovaanna,"['http://www.ip.info/', 'http://merkusheva.info/']"
207,"клх Кяхта, ул. Гагарина, д. 61, 540001",1989-11-23,AB+,АО «Терентьева Одинцова»,Пастух,fedorevdokimov@gmail.com,Вишнякова Синклитикия Валентиновна,+7 (029) 778-63-89,"к. Ершов, ул. Рабочая, д. 08, 631788",F,628539377330,ppotapov,"['https://ao.net/', 'https://ip.org/']"
208,"к. Льгов, ул. Гвардейская, д. 49, 452314",1972-03-15,B+,ИП «Воробьев Никонов»,Радиомеханик,budimir2016alevtina_2001@yandex.ru,Беспалов Лука Ильич,+7 (511) 297-5115,"д. Чусовой, ул. Терешковой, д. 51, 040248",M,065761427570,moise1972naina_1999,"['http://www.rao.edu/', 'https://www.ao.ru/', 'https://rao.net/']"
209,"клх Апшеронск, ул. Мирная, д. 10, 117247",1984-06-14,B-,РАО «Крылова»,Модель,rjabovkirill@rambler.ru,Ермакова Валентина Ждановна,+7 552 299 5982,"г. Ноглики, ул. Курчатова, д. 99, 037231",F,954767047284,idjachkov,"['http://www.abramov.biz/', 'http://www.npo.ru/']"
210,"клх Иркутск, ул. Плеханова, д. 04, 344554",1985-11-23,0+,"РАО «Шубин, Шашков и Смирнов»",Гинеколог,fadeevaangelina@yahoo.com,Шашкова Оксана Богдановна,+7 111 316 2813,"ст. Моршанск, ул. Базарная, д. 82, 985600",F,407271122733,ljudmila_90,"['https://www.rao.info/', 'https://www.ao.edu/', 'http://ao.org/']"
211,"с. Устюжна, ул. Выгонная, д. 72, 894631",2012-05-12,B+,"РАО «Маслов, Самсонов и Громова»",Стилист,pantelemonartemev@yandex.ru,Волков Никифор Евсеевич,+7 264 175 4252,"п. Усть-Камчатск, ул. Крестьянская, д. 00, 327524",M,127784546473,vikenti83,"['https://ao.ru/', 'http://www.ao.info/', 'http://www.ao.com/']"
212,"г. Гремячинск (Перм.), ул. Заливная, д. 47, 556219",1978-10-03,AB+,"ИП «Миронов, Сергеев и Тихонов»",Логопед,evgraf_75@hotmail.com,Мишин Ратмир Филатович,+7 057 933 47 33,"к. Амурск, ул. Студенческая, д. 99, 110412",M,996650449759,mkuzmina,"['http://www.ao.com/', 'https://ip.com/', 'https://ao.com/']"
213,"ст. Аша, ул. Куйбышева, д. 24, 458574",1983-04-14,B+,ИП «Фомина-Симонов»,Военный прокурор,elizar1986ostromir_2008@hotmail.com,Харитонова Лукия Тимуровна,+7 (204) 316-79-74,"ст. Котельнич, ул. Серова, д. 66, 639296",F,192100062644,filatovagalina,"['https://rao.info/', 'http://blinov.org/', 'https://www.shubin.biz/', 'http://www.rao.info/']"
214,"п. Сургут (Хант.), ул. Шишкина, д. 69, 313453",1972-06-29,AB-,Федорова,Оператор коллцентра,tarasovsilvestr@gmail.com,Новиков Милий Афанасьевич,+7 832 781 34 21,"к. Павловская, ул. Таежная, д. 89, 960872",M,591232603163,suhanovserge,"['http://www.kozlova.ru/', 'https://rao.ru/', 'https://www.kolesnikova.edu/']"
215,"клх Грозный, ул. М.Горького, д. 29, 961548",1995-03-19,AB+,"РАО «Пестов, Игнатьева и Пономарева»",Фтизиатр,arseni_61@hotmail.com,Агафонова Глафира Архиповна,+7 (942) 949-60-64,"г. Краснодар, ул. Мира, д. 05, 546628",F,670307914253,kornilovaanastasija,"['https://chernova.ru/', 'http://www.npo.com/', 'http://grigorev.edu/']"
216,"клх Всеволожск, ул. Балтийская, д. 83, 718328",2000-08-02,B+,Комиссарова,Распиловщик,sharapovmakar@mail.ru,Исаева Эмилия Харитоновна,+7 510 257 8904,"к. Сочи, ул. 1 Мая, д. 89, 500634",F,924836389245,zuevkondrati,"['http://rao.net/', 'http://rao.biz/', 'https://www.rao.org/']"
217,"клх Тутаев, ул. Ворошилова, д. 04, 685329",2007-06-07,0-,"АО «Коновалова, Фадеев и Михеев»",Заточник,cmaslova@mail.ru,Карпова Таисия Александровна,+7 (299) 192-65-30,"ст. Ряжск, ул. Чехова, д. 01, 251111",F,481675095080,kir2017alina_2018,['https://ip.ru/']
218,"г. Оленегорск (Якут.), ул. Шолохова, д. 60, 225865",2009-12-11,0-,Ковалев,Сомнолог,zuevinnokenti@hotmail.com,Гурьева Наина Мироновна,+7 416 449 46 39,"клх Пермь, ул. Коммунаров, д. 64, 079521",F,902264207500,ladimir_31,"['https://www.npo.info/', 'http://rao.ru/', 'https://www.rao.biz/', 'https://www.tsvetkov.edu/']"
219,"п. Шадринск, ул. Моховая, д. 71, 577630",1989-10-24,0-,"АО «Панов, Молчанов и Данилов»",Военный переводчик,boris1994elena_2007@mail.ru,Тимофеева Алевтина Руслановна,+7 866 383 26 42,"д. Качканар, ул. Станиславского, д. 61, 490851",F,796821942624,morozovvissarion,"['http://rao.ru/', 'https://npo.ru/', 'https://www.ao.edu/', 'https://rao.org/']"
220,"ст. Мичуринск, ул. Заводская, д. 42, 511842",1981-03-19,AB-,Никонова,Телемастер,belovvladimir@yahoo.com,Куликов Валерий Ефимович,+7 925 141 6856,"с. Тутончаны, ул. Бажова, д. 53, 135820",M,712782315509,prohor1996gostomisl_2000,"['http://ao.info/', 'http://komissarova.org/', 'https://rao.edu/']"
221,"п. Балтийск, ул. Кузнецова, д. 40, 790616",1977-11-22,B-,АО «Яковлева-Ефремов»,Месильщик,okrilova@yahoo.com,Сазонова Анна Наумовна,+7 (097) 319-6612,"д. Красноярск, ул. 8-е Марта, д. 74, 630079",F,218958176681,belovpantelemon,"['https://ip.com/', 'https://ao.biz/']"
222,"д. Валдай, ул. Седова, д. 17, 087543",2014-08-16,A-,"НПО «Исаева, Фадеева и Мухин»",Трейдер,emeljankulikov@mail.ru,Ершов Светозар Федотович,+7 922 764 50 58,"к. Томари, ул. 8-е Марта, д. 22, 623005",M,754299063612,rozhkovkir,"['http://ao.edu/', 'http://ip.net/', 'https://www.ao.biz/', 'https://npo.com/']"
223,"д. Кировск (Мурм.), ул. Ореховая, д. 99, 594465",1993-01-03,0+,"РАО «Лаврентьева, Колесникова и Моисеева»",Квасник,nazarmarkov@yahoo.com,Ершов Серафим Богданович,+7 (263) 806-7299,"к. Тавда, ул. Угловая, д. 85, 678153",M,761333682175,matveevagge,['http://rao.ru/']
224,"клх Клин, ул. Горького, д. 50, 997589",2009-02-27,0+,"РАО «Корнилова, Силин и Борисов»",Танатолог,mariansokolov@yandex.ru,Власова Татьяна Альбертовна,+7 247 167 13 12,"п. Мирный, ул. Речная, д. 46, 808497",F,178743812422,fedotovataisija,"['http://www.npo.com/', 'https://www.ao.org/']"
225,"к. Юрьев-Польский, ул. Заозерная, д. 95, 894964",1974-02-25,0-,"РАО «Дроздов, Павлова и Николаев»",Военный прокурор,marian2006feliks_1977@yandex.ru,Евсеев Михей Демидович,+7 (164) 335-87-19,"д. Мытищи, ул. Ивановская, д. 96, 824004",M,460633567717,eblohina,"['http://www.ao.ru/', 'http://ip.biz/']"
226,"ст. Челябинск, ул. Ударная, д. 45, 257221",1979-02-13,B+,РАО «Романова Зиновьева»,Виноградарь,epifan1989ostromir_1998@mail.ru,Орехов Ерофей Егорович,+7 (965) 393-96-73,"к. Сосновый Бор, ул. Мелиоративная, д. 88, 535375",M,072353033978,tretjakovbronislav,"['https://rao.info/', 'https://www.rao.com/', 'https://sharova.biz/']"
227,"д. Верхоянск, ул. Геологов, д. 86, 895769",1970-07-03,0-,РАО «Соколова Комаров»,Типограф,krjukovatatjana@mail.ru,Лапина Татьяна Анатольевна,+7 688 393 89 46,"клх Валаам, ул. Совхозная, д. 98, 695911",F,535922216803,radovan1979borislav_2018,"['http://www.ip.ru/', 'https://www.rao.ru/', 'https://npo.net/', 'https://www.ao.edu/']"
228,"д. Белый Яр (Томск.), ул. Таежная, д. 70, 612488",2002-07-07,A-,"РАО «Голубев, Фомичев и Федотова»",Заряжающий,viktor_05@yandex.ru,Исаев Азарий Димитриевич,+7 (783) 863-4532,"г. Балашов, ул. Курортная, д. 33, 846162",M,682206100716,aershova,"['https://vinogradova.info/', 'https://www.ao.com/']"
229,"к. Новый Уренгой, ул. Высотная, д. 53, 197060",1975-03-29,0-,"РАО «Дементьева, Чернова и Ситников»",Штурман,mechislav1985eleonora_2014@gmail.com,Игнатова Анна Юрьевна,+7 (979) 207-99-77,"п. Обоянь, ул. Тепличная, д. 61, 451891",F,152294793772,ovchinnikovharlampi,"['https://www.ip.net/', 'http://rao.info/']"
230,"ст. Тикси, ул. Олега Кошевого, д. 56, 005734",1988-11-29,A+,"НПО «Тетерина, Егорова и Дорофеева»",Географ,davidovapraskovja@yahoo.com,Меркушева Нонна Тарасовна,+7 (809) 737-3996,"с. Эльбрус, ул. Невского, д. 78, 137266",F,860835726052,fsoloveva,"['http://www.rao.ru/', 'http://www.rao.info/', 'http://kotova.info/']"
231,"п. Каменск-Шахтинский, ул. Геологическая, д. 61, 806490",1984-11-12,0-,АО «Назарова-Федоров»,Коневод,visheslavgolubev@rambler.ru,Поляков Юлий Тихонович,+7 (986) 378-79-59,"ст. Гремячинск (Перм.), ул. Поселковая, д. 01, 820052",M,268448124208,vasilisa1997akim_2003,"['http://www.ip.edu/', 'http://npo.edu/', 'https://www.ao.biz/']"
232,"с. Сосновый Бор, ул. Дальневосточная, д. 38, 846221",1991-07-14,AB+,ИП «Ильин-Блинова»,Режиссёр,evdokija_86@rambler.ru,Зыкова Элеонора Леоновна,+7 (710) 091-19-85,"п. Вендинга, ул. Выгонная, д. 80, 250548",F,285992953892,ippolit1992vsevolod_1984,['https://www.emeljanova.biz/']
233,"п. Кудымкар, ул. Нагорная, д. 81, 814985",2017-04-11,A+,ИП «Фадеев Жданова»,Геодезист,iljaevdokimov@hotmail.com,Ефремов Родион Исидорович,+7 (979) 361-96-67,"ст. Ижевск, ул. Саратовская, д. 70, 826414",M,487348275854,nonna1983ninel_1987,"['https://ip.net/', 'http://rao.com/']"
234,"п. Югорск, ул. Поселковая, д. 70, 353953",1984-10-05,A+,Исаева,Палеонтолог,marian2017erast_1990@rambler.ru,тов. Владимиров Чеслав Филиппович,+7 282 861 09 31,"к. Долинск, ул. Каштановая, д. 12, 182938",M,889875119081,voronovjuri,"['https://www.rao.org/', 'http://ao.info/', 'https://www.npo.edu/']"
235,"г. Пушкинские Горы, ул. М.Горького, д. 67, 453832",1997-07-17,B-,Мартынов,Фермер,sofron_92@hotmail.com,Рогов Максим Иларионовичх,+7 (696) 749-7578,"г. Дудинка, ул. Калужская, д. 56, 993698",M,606241326173,erozhkova,"['http://ao.com/', 'https://www.rao.ru/']"
236,"с. Алапаевск, ул. Литейная, д. 74, 750875",1983-03-09,AB-,"АО «Смирнов, Пестов и Сидорова»",Семейный врач,unoskova@yahoo.com,Богданова Зинаида Семеновна,+7 (615) 607-26-11,"п. Ногинск (Моск.), ул. Калинина, д. 37, 589481",F,720716389219,longinlobanov,"['http://mishin.edu/', 'http://www.ao.com/', 'https://www.ao.org/']"
237,"с. Нарым, ул. Королева, д. 59, 438476",2003-08-25,0+,"НПО «Савин, Попов и Панфилов»",Моторист,andronsavelev@yandex.ru,Ермаков Гедеон Ефимьевич,+7 876 036 44 36,"с. Чегем, ул. Волжская, д. 08, 592329",M,001354785239,maksim1995nestor_2013,"['http://www.ip.edu/', 'http://ip.com/']"
238,"ст. Яр-Сале, ул. Льва Толстого, д. 55, 714253",1997-10-31,0+,АО «Маслова-Кузнецова»,Сомелье,vasilevakira@gmail.com,Соколова Прасковья Рубеновна,+7 (081) 994-90-33,"д. Усть-Илимск, ул. Геологов, д. 33, 787787",F,388527281567,kallistrat59,"['https://www.ao.org/', 'https://gavrilov.ru/', 'https://www.ip.biz/', 'https://ao.edu/']"
239,"клх Чита, ул. Металлургов, д. 16, 595312",2014-11-22,0-,НПО «Орлов Уваров»,Врач функциональной диагностики,kuprijanbeljakov@yandex.ru,Кулакова Евгения Станиславовна,+7 731 860 4605,"с. Калачинск, ул. Социалистическая, д. 26, 335706",F,153498510185,zuevavera,"['http://npo.ru/', 'http://ao.org/']"
240,"ст. Аша, ул. Водников, д. 54, 213793",2005-08-28,0-,РАО «Савина-Семенов»,Гидролог,nguljaeva@yandex.ru,Белозерова Галина Григорьевна,+7 (004) 335-9258,"п. Октябрьское (Хант.), ул. Воронежская, д. 41, 134544",F,185686706204,ferapont29,"['https://www.ao.edu/', 'https://www.npo.info/', 'http://www.rao.ru/', 'http://ao.biz/']"
241,"клх Тикси, ул. Техническая, д. 70, 279948",1985-03-18,B+,Зуева,Старшина,orehovjanuari@hotmail.com,Терентьева Олимпиада Альбертовна,+7 (639) 677-61-21,"клх Калязин, ул. Ильича, д. 26, 511015",F,893116973620,drozdovamarina,['http://www.ao.edu/']
242,"к. Орск, ул. Проточная, д. 40, 542122",2013-12-20,0-,АО «Зимина-Соловьева»,Особист,kornilovivan@gmail.com,Соловьева Лидия Ивановна,+7 745 666 03 23,"д. Петухово, ул. Чайковского, д. 21, 498935",F,793946510845,wkulikova,"['http://ao.edu/', 'https://larionov.info/', 'http://ao.info/', 'http://ip.ru/']"
243,"к. Сузун, ул. Заливная, д. 31, 565470",1982-11-04,AB+,"ИП «Юдин, Федотов и Веселов»",Критик,burovgostomisl@rambler.ru,Власова Регина Аскольдовна,+7 (288) 830-2259,"с. Камышин, ул. Халтурина, д. 44, 443958",F,928226376178,blohinaanzhelika,['http://www.bragina.edu/']
244,"с. Осташков, ул. Тепличная, д. 44, 253599",1986-07-01,0+,НПО «Большаков»,Нейрохирург,ssavin@mail.ru,Шарова Ия Филипповна,+7 178 450 61 05,"г. Объячево, ул. Народная, д. 96, 567650",F,818721493863,ippolit99,"['https://www.popov.net/', 'http://www.npo.org/']"
245,"г. Обнинск, ул. Станционная, д. 73, 394432",1972-10-22,0+,Кузьмина,Маркшейдер,naumovaemilija@mail.ru,Белов Антонин Артурович,+7 (011) 828-9593,"с. Семлячики, ул. Прибрежная, д. 89, 556593",M,529185300899,voronovermil,"['https://www.kovalev.ru/', 'http://www.ao.com/', 'http://www.rao.biz/', 'https://rao.net/']"
246,"ст. Горячинск, ул. Шолохова, д. 17, 854095",1981-01-04,AB-,Королева,Радист,chernovkasjan@rambler.ru,Гуляев Ростислав Артемьевич,+7 720 401 0160,"г. Сальск, ул. Северная, д. 71, 751375",M,389137036617,tpavlov,"['http://www.ao.edu/', 'https://rao.com/', 'http://ip.com/']"
247,"клх Поярково, ул. Волкова, д. 01, 059928",2002-04-28,0+,Князева,Философ,fadeevmaksimiljan@hotmail.com,Субботина Клавдия Оскаровна,+7 687 017 7603,"к. Можайск, ул. Космическая, д. 46, 591958",F,096118954061,pahomovatamara,['http://www.ao.net/']
248,"д. Шатки, ул. Лесхозная, д. 65, 739559",1971-12-12,B-,РАО «Ильин Дмитриева»,Агроном по защите растений,milovan42@rambler.ru,Лазарев Никандр Игнатьевич,+7 344 909 72 19,"г. Нарткала, ул. Омская, д. 40, 084311",M,585130097187,kira_74,"['https://rao.biz/', 'http://www.ip.info/', 'http://rao.net/']"
249,"к. Таганрог, ул. Льва Толстого, д. 51, 919952",1976-07-11,AB+,"АО «Лазарев, Дьячков и Комарова»",Штурман,nazarovefim@yahoo.com,Ситников Никифор Вилорович,+7 328 923 4671,"п. Новороссийск, ул. Физкультурная, д. 19, 316205",M,891424733184,nikon09,"['https://rao.info/', 'http://www.npo.net/', 'http://www.npo.edu/']"
250,"к. Углич, ул. Украинская, д. 36, 942204",1989-09-11,0+,Быков,Переплётчик,marina94@hotmail.com,Князев Ювеналий Викторович,+7 896 293 87 60,"ст. Ижевск, ул. Тукая, д. 29, 182227",M,325329853672,juli2014matve_2003,['http://knjazeva.ru/']
251,"с. Луховицы, ул. Заливная, д. 26, 125743",1972-10-03,A-,Медведев,Сиделка,kolobovaantonina@yandex.ru,Ермаков Викентий Афанасьевич,+7 201 756 41 77,"ст. Нижнеудинск, ул. Спортивная, д. 91, 774717",M,843056276220,birjukovhristofor,"['http://ao.edu/', 'https://ao.biz/', 'http://ao.org/']"
252,"к. Гагарин, ул. Совхозная, д. 23, 176162",2013-11-10,0+,НПО «Хохлова»,Тестировщик,tlavrenteva@hotmail.com,Сергеев Сергей Харлампович,+7 (258) 587-21-61,"к. Сальск, ул. 30 лет Победы, д. 99, 279323",M,423144364762,lavr_04,['https://www.rao.info/']
253,"г. Александровск, ул. Чапаева, д. 66, 015745",1991-12-28,B-,ИП «Антонова Мартынов»,Акушер,gerasimovadrian@yahoo.com,Бурова Ирина Антоновна,+7 212 082 7725,"с. Аргаяш, ул. Кавказская, д. 10, 524031",F,960216223991,fominarhip,"['http://www.ao.info/', 'https://npo.net/', 'https://www.ao.info/', 'http://www.ip.edu/']"
254,"г. Белгород, ул. Приозерная, д. 04, 963930",1979-01-04,AB+,НПО «Романова-Панов»,Серпентолог,safonovserge@mail.ru,Исаева Феврония Рудольфовна,+7 713 217 7847,"к. Ноябрьск, ул. Ульянова, д. 43, 624268",F,725886583453,kovalevaregina,"['https://www.ip.edu/', 'https://npo.com/', 'https://www.gerasimova.biz/']"
255,"к. Клин, ул. Станционная, д. 86, 100762",2006-01-13,B+,АО «Турова Боброва»,Метрдотель,valerjan_26@yandex.ru,Пестова Акулина Вадимовна,+7 (275) 939-70-72,"с. Озеры, ул. Ясная, д. 85, 262462",F,533825298640,djachkovostap,"['http://www.ip.ru/', 'http://rao.edu/', 'http://rao.edu/', 'http://rao.org/']"
256,"клх Орск, ул. Дорожная, д. 21, 223454",1975-05-21,A+,Лыткина,Дизайнер рекламы,feliks54@mail.ru,Селиверстов Флорентин Ефимович,+7 (204) 419-4815,"ст. Дагомыс, ул. Камская, д. 04, 524490",M,915754454573,blinovasvetlana,['https://www.ao.com/']
257,"к. Усмань, ул. Северная, д. 79, 377864",2014-02-12,0-,"НПО «Никифоров, Родионов и Коновалов»",Коммерческий директор,danila92@gmail.com,Кудряшова Таисия Ильинична,+7 592 392 8134,"ст. Каспийск, ул. Космодемьянской, д. 53, 274829",F,655671392851,ogromova,"['https://www.rao.net/', 'http://www.ip.org/']"
258,"к. Макушино, ул. Набережная, д. 70, 625805",1993-09-06,AB-,"НПО «Котов, Данилов и Наумов»",Виноградарь,milanzhdanov@mail.ru,Виноградова Анастасия Вадимовна,+7 579 458 21 75,"д. Ижевск, ул. Азовская, д. 10, 723710",F,610890913504,fedotovaoksana,"['http://www.tsvetkova.net/', 'http://ao.edu/', 'http://www.npo.net/', 'http://rao.org/']"
259,"г. Мокшан, ул. Кирова, д. 11, 799624",1981-12-01,B-,Максимов,Воспитатель,averki2000varlaam_2001@hotmail.com,Туров Мариан Дорофеевич,+7 057 549 6995,"г. Троицко-Печорск, ул. Санаторная, д. 96, 269311",M,436694493621,foka2012taisija_2013,"['https://www.npo.com/', 'http://ip.edu/', 'https://www.dmitriev.net/', 'http://www.ip.info/']"
260,"п. Кашира, ул. Заовражная, д. 55, 091508",2007-10-19,A-,"АО «Гусева, Рябова и Лебедева»",Тележурналист,avdeevdanila@yandex.ru,Корнилов Анисим Матвеевич,+7 (735) 536-9957,"с. Забайкальск, ул. Красных Партизан, д. 58, 987000",M,687684112442,osipburov,"['http://burov.com/', 'http://www.ao.info/']"
261,"ст. Кропоткин (Краснод.), ул. Прибрежная, д. 37, 097409",2010-02-27,0-,АО «Зимина-Муравьев»,Андролог,evpraksija_78@gmail.com,Савельева Жанна Васильевна,+7 118 883 68 97,"д. Абинск, ул. Главная, д. 72, 721701",F,502583719840,evdokimisakov,['http://www.npo.com/']
262,"д. Сосьва (Хант.), ул. Степана Разина, д. 89, 778074",2005-04-23,AB-,РАО «Кузьмина-Костин»,Издатель,svjatopolknikonov@yahoo.com,Третьякова Елизавета Романовна,+7 798 903 53 90,"ст. Тотьма, ул. Воровского, д. 86, 829611",F,688514003593,vasili93,"['https://www.rao.com/', 'http://ao.edu/', 'http://www.ao.com/', 'https://ip.org/']"
263,"д. Новороссийка, ул. Специалистов, д. 70, 799023",2016-12-24,A+,РАО «Силин Овчинникова»,Почтальон,mamontovnarkis@mail.ru,Зуев Милен Елисеевич,+7 537 410 3187,"с. Плес, ул. Дачная, д. 06, 612700",M,370699497068,mihe60,"['https://makarov.ru/', 'https://ao.biz/']"
264,"п. Кижи, ул. Красногвардейская, д. 33, 710146",2001-10-03,AB+,ИП «Исаков»,Пчеловод,vteterin@yandex.ru,г-жа Баранова Прасковья Георгиевна,+7 (007) 684-0970,"к. Руза, ул. Зои Космодемьянской, д. 01, 346780",F,404596639828,tvorimir_62,"['https://ip.org/', 'https://ip.net/']"
265,"клх Кашхатау, ул. Володарского, д. 00, 536037",2016-02-18,AB-,АО «Романов»,Тележурналист,knjazevgorde@yandex.ru,Веселов Вячеслав Адамович,+7 484 523 55 85,"ст. Котельнич, ул. Разина, д. 77, 271490",M,946852092899,mihailburov,['https://www.ao.com/']
266,"г. Учалы, ул. Циолковского, д. 07, 823999",1999-12-03,AB-,Шестаков,Плотник,fedor1981apollinari_2010@gmail.com,Комиссарова Александра Кирилловна,+7 (233) 372-8957,"г. Гудермес, ул. Казанская, д. 71, 246267",F,423860004945,kazimir_61,"['http://www.ip.com/', 'https://rao.info/', 'https://npo.org/', 'http://ao.ru/']"
267,"к. Сургут (Хант.), ул. Магистральная, д. 67, 719734",1970-04-16,B-,АО «Блинова»,Лифтёр,harlampirozhkov@mail.ru,Кононова Ирина Андреевна,+7 864 945 11 20,"г. Новороссийск, ул. Гражданская, д. 69, 140661",F,999901763373,kulakovazinaida,"['https://npo.edu/', 'http://www.npo.org/', 'http://npo.ru/']"
268,"д. Юрьевец (Иван.), ул. Крупской, д. 18, 763953",2003-05-25,0-,Рябов,Выпускающий редактор,gabramov@yandex.ru,Носков Филипп Давидович,+7 164 822 2064,"д. Завьялиха, ул. Шолохова, д. 38, 110356",M,193965987331,strelkovaveronika,"['https://www.belova.ru/', 'https://www.npo.biz/']"
269,"с. Нальчик, ул. Никитина, д. 17, 290467",1974-02-20,A+,Стрелкова,Гранатомётчик,maksimovaanzhela@mail.ru,Гурьев Николай Федосеевич,+7 (656) 438-1550,"к. Оймякон, ул. Панфилова, д. 57, 240096",M,093862035303,qkalinin,"['https://rao.edu/', 'http://ao.edu/', 'https://ao.ru/', 'https://www.markov.edu/']"
270,"ст. Малгобек, ул. Лунная, д. 86, 866813",1977-11-04,A+,АО «Тихонов-Шашков»,Географ,nikonovmefodi@hotmail.com,Капустина Ольга Романовна,+7 002 325 51 08,"клх Мичуринск, ул. Короленко, д. 66, 423219",F,128074961947,galaktionermakov,"['http://rao.ru/', 'https://ip.net/', 'https://rao.org/']"
271,"ст. Норильск, ул. Толстого, д. 59, 009537",2015-10-14,A-,ИП «Воробьев Иванова»,Иммунолог,averki36@hotmail.com,Шашкова Евфросиния Оскаровна,+7 125 627 79 78,"д. Кедровый, ул. Тепличная, д. 54, 061481",F,676060696330,julija82,"['https://www.ip.biz/', 'http://www.npo.com/', 'https://www.ao.net/']"
272,"клх Калач, ул. Российская, д. 13, 667695",1999-01-05,AB+,"АО «Жданова, Емельянов и Харитонов»",Металлург,gorbachevvasili@gmail.com,Смирнов Елизар Глебович,+7 (656) 966-4805,"д. Костомукша, ул. Зои Космодемьянской, д. 52, 393872",M,805442837255,milovan_62,['http://www.rao.net/']
273,"п. Томари, ул. Бригадная, д. 06, 696912",1973-09-19,A-,НПО «Дорофеева-Беспалов»,Фотограф,tatjana_55@rambler.ru,Макарова Раиса Филипповна,+7 996 957 1707,"д. Кисловодск, ул. Революционная, д. 90, 391966",F,059586975161,muravevataisija,"['http://ip.edu/', 'https://www.rao.ru/', 'https://www.rao.org/', 'https://www.voronov.ru/']"
274,"клх Москва, ул. Киевская, д. 19, 214970",1997-10-19,0+,Блохина,Логик,spiridonlebedev@rambler.ru,Авдеева Екатерина Захаровна,+7 (311) 198-0543,"п. Кыштым, ул. Автомобилистов, д. 72, 528987",F,496521259596,kirill2013jakub_2004,"['http://ip.edu/', 'https://www.npo.biz/', 'https://www.ip.edu/']"
275,"г. Ербогачен, ул. Широкая, д. 71, 994776",2011-10-08,B-,НПО «Кошелева-Молчанова»,Наводчик орудия,averjan_97@hotmail.com,Ершов Казимир Ярославович,+7 420 583 7627,"ст. Нефтекамск, ул. Коммунаров, д. 05, 413537",M,012085780315,ilarion2005vera_1996,"['http://www.ao.edu/', 'http://ao.org/']"
276,"г. Моздок, ул. Проточная, д. 47, 121190",1999-04-14,B-,РАО «Колобов-Попов»,Токарь,nifontbobrov@yahoo.com,Кузьмина Мария Харитоновна,+7 749 699 9048,"г. Лесной (Сверд.), ул. Красногвардейская, д. 64, 708697",F,201717840186,stojan_33,"['http://www.ip.ru/', 'http://ip.ru/']"
277,"с. Киржач, ул. Тепличная, д. 73, 888075",1974-12-11,B-,"НПО «Суворов, Вишнякова и Зуева»",Копирайтер,lavrenti_60@mail.ru,Авдеева Вера Оскаровна,+7 (042) 462-1195,"к. Ставрополь, ул. Строительная, д. 54, 917325",F,864128242575,kasjan_65,"['http://www.ao.net/', 'http://www.ip.com/', 'https://www.rao.com/']"
278,"г. Курган, ул. Нахимова, д. 62, 934822",2017-12-30,AB-,НПО «Белозеров Мясников»,Музыкант,vladilenlapin@gmail.com,Сидорова Таисия Филипповна,+7 (661) 964-77-07,"клх Пушкинские Горы, ул. Крестьянская, д. 17, 276414",F,696477589403,androniksamsonov,['http://www.popova.org/']
279,"д. Буденновск, ул. Зеленая, д. 91, 336781",1983-10-16,AB-,РАО «Рыбакова»,Химик,kuzma1980julian_2002@hotmail.com,Фомичев Самсон Эдуардович,+7 (201) 838-9598,"ст. Биробиджан, ул. Морская, д. 59, 021572",M,551544195146,erasttitov,"['https://npo.net/', 'https://ip.net/', 'http://npo.com/', 'http://komissarova.biz/']"
280,"клх Хужир, ул. Учительская, д. 79, 279693",1982-01-16,AB-,ИП «Фомин»,Крупье,bobrovasinklitikija@yandex.ru,Михеев Марк Юлианович,+7 (848) 098-06-96,"к. Певек, ул. Республиканская, д. 31, 982325",M,978290137196,shchukinbojan,"['http://www.rao.ru/', 'https://www.npo.info/', 'https://zimin.com/', 'http://ip.biz/']"
281,"клх Бугульма, ул. Мусы Джалиля, д. 08, 555033",2001-05-16,0+,Яковлева,Офтальмолог,tsvetkovjakub@gmail.com,Куликова Мария Геннадьевна,+7 (516) 926-4829,"клх Джубга, ул. Космодемьянской, д. 77, 341967",F,113435733248,nshchukina,"['https://www.ip.info/', 'http://www.orehov.biz/', 'http://ao.ru/']"
282,"г. Сорочинск, ул. Северная, д. 35, 748538",1986-08-10,0-,НПО «Григорьева»,Иммунолог,ljubim_72@mail.ru,Молчанова Нинель Олеговна,+7 285 171 60 37,"ст. Белоярский, ул. Гастелло, д. 25, 312506",F,398026622357,cnikiforov,['https://www.ip.net/']
283,"с. Ржев, ул. Украинская, д. 52, 669329",2013-03-21,B-,ИП «Королев Борисова»,Наводчик орудия,vlasmjasnikov@yahoo.com,Копылова Лукия Егоровна,+7 390 631 01 39,"клх Беломорск, ул. Советская, д. 71, 499347",F,877177509830,pankrati1993nifont_1983,"['http://www.ip.info/', 'http://ip.org/', 'https://bespalov.com/']"
284,"г. Тутончаны, ул. Привольная, д. 81, 159766",2002-12-02,B+,НПО «Овчинникова-Лихачева»,Крановщик,kondrati_87@yandex.ru,Самсонова Майя Геннадиевна,+7 (658) 588-99-68,"клх Тюмень, ул. Ломоносова, д. 93, 666016",F,183986879536,kozlovatamara,"['http://ip.biz/', 'http://ip.com/', 'https://matveeva.org/', 'http://www.rao.com/']"
285,"п. Тула, ул. Станиславского, д. 00, 160674",2007-12-03,A+,НПО «Зимин-Фадеев»,Санитар,vladimirovljubomir@yandex.ru,Емельянова Агафья Наумовна,+7 (772) 506-4062,"ст. Люберцы, ул. Ангарская, д. 42, 077771",F,335698233515,ljudmila_63,['http://npo.biz/']
286,"г. Кондопога, ул. О.Кошевого, д. 84, 325876",1990-05-27,B+,"АО «Федосеев, Русаков и Титов»",Акушер,grigorevasofija@hotmail.com,Ершова Дарья Ивановна,+7 (918) 656-3434,"с. Печора, ул. Мусы Джалиля, д. 16, 861395",F,314011938777,sblinov,"['https://npo.ru/', 'http://www.npo.info/']"
287,"клх Чебаркуль, ул. М.Горького, д. 80, 327668",1980-03-14,B+,Новикова,Безработный,gedeonsuhanov@gmail.com,Полякова Лариса Леоновна,+7 (790) 443-75-15,"д. Сухиничи, ул. Песочная, д. 94, 015238",F,570161428589,isakovanaina,"['https://tihonov.org/', 'https://ao.com/']"
288,"ст. Архангельск, ул. Тенистая, д. 19, 486595",2002-02-14,AB+,ИП «Воробьев Воронова»,Скорняк,zinovevafevronija@yandex.ru,Назарова Александра Егоровна,+7 047 888 3759,"с. Красноярск, ул. Окружная, д. 89, 725464",F,016088878466,taras_86,"['http://npo.ru/', 'https://www.ip.edu/', 'http://rao.edu/', 'http://ip.biz/']"
289,"ст. Тотьма, ул. Партизанская, д. 23, 536370",2009-06-20,AB+,"РАО «Зиновьева, Кириллов и Воронов»",Ихтиолог,naum_77@mail.ru,тов. Котова Нонна Максимовна,+7 (318) 337-0861,"ст. Смирных, ул. Горького, д. 89, 401078",F,652898907317,efimovilarion,"['http://www.ip.ru/', 'http://www.ao.info/', 'https://www.rao.edu/']"
290,"с. Псков, ул. Володарского, д. 74, 574115",2005-05-01,B-,Савельев,Садовод,kuznetsoviosif@gmail.com,Мельников Ладимир Игоревич,+7 (805) 626-31-04,"п. Кинешма, ул. Тракторная, д. 24, 760660",M,437187661814,yantonova,"['https://ao.edu/', 'http://www.rao.org/', 'http://npo.info/']"
291,"клх Октябрьский (Башк.), ул. Волкова, д. 18, 397080",1986-03-31,B-,АО «Мухина-Карпова»,Религиовед,sharovkasjan@yandex.ru,Осипова Наталья Геннадиевна,+7 503 260 22 94,"с. Игнашино, ул. Седова, д. 63, 558090",F,889491137754,komarovnazar,['http://www.rao.biz/']
292,"к. Таганрог, ул. Красноярская, д. 38, 277771",1975-09-18,0+,"РАО «Баранова, Филатов и Кириллова»",Логопед,kim08@hotmail.com,Субботина Евпраксия Николаевна,+7 320 442 63 38,"ст. Калининград, ул. Республиканская, д. 59, 889493",F,677741110306,fokinprokl,['https://rao.org/']
293,"п. Усть-Камчатск, ул. Крылова, д. 64, 378880",1974-10-24,AB+,НПО «Костина Муравьева»,Маркшейдер,dnazarova@gmail.com,Дмитриева Вероника Максимовна,+7 (622) 754-7223,"с. Бугуруслан, ул. Свободы, д. 66, 579032",F,725435949590,fkulagin,"['https://www.ip.net/', 'https://www.ip.info/']"
294,"клх Истра, ул. Депутатская, д. 20, 128412",2000-01-04,B+,"НПО «Козлов, Русаков и Голубева»",Пулемётчик,kulaginkir@gmail.com,Тимофеева Зинаида Максимовна,+7 (718) 181-72-18,"г. Мелеуз, ул. Марта 8, д. 29, 348306",F,045069144022,rantonov,"['http://www.ip.net/', 'http://rao.com/', 'http://www.koshelev.org/', 'http://www.safonov.org/']"
295,"п. Долинск, ул. Свободная, д. 58, 341907",2009-09-10,0+,РАО «Агафонова-Попова»,Хирург,prokl78@hotmail.com,Баранова Элеонора Ниловна,+7 281 341 25 63,"г. Канск, ул. Дачная, д. 22, 626817",F,488971141337,bogdanovaeleonora,"['https://www.rao.info/', 'https://www.ip.net/']"
296,"клх Славгород, ул. Дорожная, д. 65, 779418",1977-10-21,AB+,"РАО «Федорова, Суханов и Никифоров»",Офтальмолог,mihe2005budimir_1998@rambler.ru,Горбачев Никандр Жанович,+7 223 479 5781,"к. Корсаков, ул. Калужская, д. 65, 805719",M,684071491767,larionovaanastasija,['https://npo.net/']
297,"д. Лазаревское, ул. Подлесная, д. 07, 738091",2010-02-28,AB-,Лапин,Гидролог,akim86@hotmail.com,Бирюков Зосима Александрович,+7 (644) 983-7205,"ст. Славянск-на-Кубани, ул. Набережная, д. 98, 616858",M,108158258504,cershov,['https://rao.org/']
298,"клх Новомичуринск, ул. Крылова, д. 46, 444248",2006-10-29,0-,НПО «Сидоров Андреева»,Ювелир,ljudmila11@hotmail.com,Овчинников Артем Витальевич,+7 (046) 111-8246,"г. Ноглики, ул. Тенистая, д. 88, 595272",M,231927077815,onazarova,['http://ao.ru/']
299,"с. Шадринск, ул. Петровская, д. 66, 278352",1985-01-11,0-,РАО «Дорофеева»,Каменотёс,evpraksija72@hotmail.com,Маслов Филипп Иларионовичх,+7 124 346 07 13,"клх Октябрьский (Башк.), ул. Бабушкина, д. 44, 214327",M,634128515685,zoja_16,"['https://www.kolobov.com/', 'https://www.rao.edu/']"
300,"клх Верхний Тагил, ул. Горького, д. 71, 867353",2014-08-21,AB-,НПО «Фомин-Белова»,Журналист,smirnovavarvara@yahoo.com,г-н. Никифоров Иннокентий Эдуардович,+7 141 529 11 07,"д. Курск, ул. Титова, д. 54, 349995",M,593103856662,irakli_75,"['http://rao.org/', 'https://www.ip.biz/', 'https://rao.biz/', 'https://www.ao.info/']"
301,"к. Алдан, ул. Привольная, д. 61, 268671",1990-11-26,0+,АО «Волкова Кузнецова»,Мануалист,gorbunovaraisa@mail.ru,Алексеева Вера Георгиевна,+7 305 153 4785,"д. Краснодар, ул. Крылова, д. 54, 769213",F,730423835453,krjukovagalina,"['https://www.ao.biz/', 'http://ip.com/', 'http://ao.biz/']"
302,"клх Новосибирск, ул. Безымянная, д. 15, 297957",2015-08-19,A+,Кузьмина,Генетик,nmuhin@hotmail.com,Ефремов Никифор Григорьевич,+7 809 447 27 77,"с. Кинешма, ул. Степная, д. 35, 340420",M,387671297549,grigori08,"['https://ip.com/', 'http://ip.ru/', 'http://www.evdokimova.ru/', 'http://ip.ru/']"
303,"клх Кострома, ул. Ольховая, д. 30, 442928",1982-04-24,AB-,Субботин,Реаниматолог,jan1982platon_2015@yahoo.com,Морозова Татьяна Вячеславовна,+7 994 626 54 99,"п. Тарко-Сале, ул. Дальневосточная, д. 19, 695238",F,818755665594,kolobovanadezhda,"['http://rao.edu/', 'https://ao.org/', 'http://www.npo.info/', 'https://ip.org/']"
304,"п. Моздок, ул. Чапаева, д. 52, 120878",2013-04-18,AB-,РАО «Пахомов-Зиновьева»,Прозектор,kuzma2011varfolome_1973@mail.ru,Орехов Арсений Антонович,+7 (196) 065-18-43,"ст. Двинской, ул. Гаражная, д. 88, 078720",M,561672646365,anisimovfedor,"['https://gusev.com/', 'https://ao.net/', 'http://www.npo.ru/', 'http://www.ao.info/']"
305,"д. Новомичуринск, ул. Тамбовская, д. 35, 950370",1971-09-03,B-,"РАО «Носкова, Самсонова и Шаров»",Кардиолог,fburova@mail.ru,Смирнов Ермил Даниилович,+7 003 051 9663,"ст. Верхотурье, ул. 9 Мая, д. 41, 090447",M,337929000968,timofeevsvetozar,"['https://zinoveva.biz/', 'https://ao.ru/']"
306,"клх Анапа, ул. Баумана, д. 85, 648578",1981-06-27,A+,Субботин,Детектив,kononovparamon@hotmail.com,Федотов Викентий Евстигнеевич,+7 184 887 9031,"ст. Тамбей, ул. Морозова, д. 81, 677488",M,858510750555,jakubnaumov,"['http://www.rao.info/', 'http://kulikov.net/']"
307,"к. Сунтар, ул. Широкая, д. 42, 721987",1999-12-22,A-,РАО «Мишин-Нестерова»,Андролог,boris_37@rambler.ru,Абрамова Ульяна Вячеславовна,+7 739 202 27 80,"г. Малоярославец, ул. Куйбышева, д. 45, 024651",F,000263897507,nikifor11,"['https://www.npo.info/', 'https://npo.com/', 'https://npo.info/', 'https://ao.com/']"
308,"п. Листвянка (Иркут.), ул. Менделеева, д. 13, 368835",1996-07-27,AB-,АО «Горшков-Рыбакова»,Снабженец,nosovafinogen@mail.ru,Сысоева София Сергеевна,+7 263 693 7697,"г. Меренга, ул. Черняховского, д. 48, 990726",F,243747387084,nikanor_86,"['https://www.rao.org/', 'http://www.ao.edu/', 'https://rao.net/', 'https://fomichev.org/']"
309,"ст. Мурманск, ул. Дружбы, д. 55, 109038",1993-04-27,B+,ИП «Игнатов»,Астрофизик,bikovanani@mail.ru,Мартынова Раиса Натановна,+7 (822) 492-8955,"ст. Баргузин, ул. Станционная, д. 76, 153588",F,366117201415,uvarovrjurik,"['https://ignatev.ru/', 'https://npo.com/']"
310,"с. Данков, ул. Красная, д. 70, 546905",2015-01-20,A+,ИП «Козлов Егорова»,Дипломатический работник,fokinaemilija@yandex.ru,Попова Лидия Аскольдовна,+7 319 695 61 19,"к. Диксон, ул. Ударная, д. 82, 045731",F,398842698082,kolesnikovgerasim,"['https://ip.edu/', 'http://www.shilov.net/', 'https://www.ip.com/', 'https://www.agafonova.info/']"
311,"к. Адыгейск, ул. Пограничная, д. 05, 285699",2005-05-18,AB+,РАО «Ковалева»,Сварщик,orlovaregina@mail.ru,Меркушева Валерия Ивановна,+7 (194) 995-75-13,"ст. Южноуральск, ул. Мелиораторов, д. 59, 236755",F,586156535785,anzhela43,['http://ip.org/']
312,"д. Шилка, ул. Хвойная, д. 18, 910120",2000-12-08,A-,Лазарев,Тальман,vrjabov@yahoo.com,Тимофеева Анжела Робертовна,+7 807 839 51 49,"п. Якша, ул. Войкова, д. 40, 835838",F,591944900194,mark2010filipp_2014,"['https://www.kalashnikov.net/', 'http://ip.com/', 'http://www.ip.net/']"
313,"п. Игнашино, ул. Севастопольская, д. 44, 820312",1977-09-24,A+,ИП «Пономарев Степанова»,Сборщик,rodion_69@hotmail.com,Гущин Михаил Тарасович,+7 570 020 8460,"к. Жуковский, ул. Есенина, д. 76, 756509",M,280682858368,blinovamvrosi,"['https://www.ip.edu/', 'https://www.npo.ru/']"
314,"к. Чегем, ул. Почтовая, д. 37, 980884",1975-09-20,A-,РАО «Панфилов»,Биоинженер,drozdovaoktjabrina@hotmail.com,Журавлева Нина Тарасовна,+7 676 511 43 18,"клх Томпа, ул. Кольцевая, д. 96, 201509",F,393104966779,filaret31,"['https://ip.ru/', 'https://www.ip.net/', 'http://ao.org/']"
315,"г. Тайшет, ул. Плеханова, д. 64, 629922",2005-05-05,A-,АО «Николаева»,Маркитант,efrem1976agafon_1989@yahoo.com,Матвеев Онуфрий Харлампович,+7 460 601 82 03,"п. Усть-Калманка, ул. Крупской, д. 76, 198456",M,687978290239,timur_51,"['https://www.rao.com/', 'http://kirillova.net/']"
316,"с. Россошь, ул. Толбухина, д. 31, 013203",1977-04-05,AB+,ИП «Некрасова»,Инженер-строитель,maksimbaranov@mail.ru,Белякова Анастасия Леоновна,+7 (464) 489-49-68,"клх Певек, ул. Садовая, д. 45, 082985",F,015851142754,vladilenburov,"['https://npo.ru/', 'http://npo.ru/', 'https://lazareva.info/']"
317,"д. Катав-Ивановск, ул. Шаумяна, д. 46, 477578",1975-08-24,0-,ИП «Горшкова-Белоусова»,Оператор машинного доения,sobolevfilipp@rambler.ru,Бурова Евгения Кузьминична,+7 (070) 181-46-49,"с. Усть-Джегута, ул. Ударная, д. 34, 899023",F,516248808781,angelina2002nikita_2007,"['https://ao.biz/', 'http://ip.edu/']"
318,"с. Энгельс, ул. Космодемьянской, д. 65, 544992",1985-01-03,A-,АО «Осипов»,Авиатехник,viktorin1999stanimir_1991@hotmail.com,Сорокин Прокофий Исидорович,+7 362 214 9780,"п. Челябинск, ул. Красноярская, д. 94, 953798",M,021026350067,tverdislavnikolaev,"['http://www.npo.org/', 'https://ip.com/', 'https://www.npo.com/', 'http://gromov.com/']"
319,"к. Шумиха, ул. Попова, д. 67, 887157",1979-06-28,A+,ИП «Воронцова Горбунова»,Эпидемиолог,vorontsovermola@rambler.ru,Киселев Филарет Давидович,+7 600 540 15 37,"с. Шумиха, ул. Пожарского, д. 25, 855911",M,604663388272,qdoronina,"['https://www.ip.ru/', 'http://www.ip.info/']"
320,"д. Агата, ул. Льва Толстого, д. 83, 947653",2011-09-30,0+,"РАО «Бирюков, Лебедева и Моисеева»",Санитар,fedoseevvitali@rambler.ru,Григорьева Юлия Алексеевна,+7 750 079 4655,"клх Городовиковск, ул. Октябрьская, д. 07, 595780",F,884603092049,natan_90,['http://www.rao.net/']
321,"г. Кузнецк, ул. Российская, д. 80, 246983",2009-03-02,0-,НПО «Полякова»,Бондарь,nosovsvetozar@yandex.ru,Фадеев Фотий Яковлевич,+7 370 711 8250,"п. Агинское (Забайк.), ул. Ермака, д. 96, 876220",M,749381881140,kkarpov,"['https://ao.com/', 'https://ao.biz/', 'http://www.npo.net/', 'https://shcherbakova.ru/']"
322,"ст. Саров (Морд.), ул. Мелиоративная, д. 48, 344993",2002-06-12,A+,"РАО «Муравьева, Самсонов и Новиков»",Мельник,wnesterova@rambler.ru,Мухина Таисия Викторовна,+7 748 503 7409,"клх Москва, ул. Главная, д. 21, 197519",F,640490837962,sorokinaraisa,"['https://www.npo.info/', 'http://naumova.ru/', 'http://www.rao.org/']"
323,"к. Владивосток, ул. Станционная, д. 27, 714610",1981-01-18,0+,РАО «Соловьева»,Выпускающий редактор,mitofanmishin@yahoo.com,Ермаков Лукьян Игнатович,+7 734 167 6684,"д. Калуга, ул. Донская, д. 43, 142752",M,804835551326,orest_88,"['https://ip.biz/', 'https://www.npo.biz/', 'http://terenteva.edu/', 'http://www.npo.info/']"
324,"к. Ржев, ул. Подстанция, д. 65, 517393",2004-06-22,A-,РАО «Захаров Иванов»,Актуарий,ukolesnikova@hotmail.com,Дроздова Таисия Валериевна,+7 (860) 840-47-06,"клх Новгород Великий, ул. Энтузиастов, д. 16, 209597",F,968708715775,dementevdemjan,"['http://rao.net/', 'http://ilin.ru/', 'http://www.npo.info/', 'https://www.gorbunova.net/']"
325,"клх Новороссийск, ул. Мостовая, д. 32, 584543",1982-09-17,AB-,АО «Горшков-Марков»,Торговый представитель,uvarovsevastjan@rambler.ru,Доронина Валентина Наумовна,+7 857 345 83 06,"п. Киржач, ул. Павлова, д. 04, 568382",F,276061212911,seliverstovpankrati,"['http://www.ao.biz/', 'http://www.markov.info/', 'http://rao.com/']"
326,"п. Новый Уренгой, ул. Пирогова, д. 57, 214176",1984-10-04,B-,АО «Беспалов Моисеев»,Зенитчик,sinklitikija_26@yandex.ru,Мамонтова Зоя Анатольевна,+7 159 227 52 07,"к. Ростов, ул. Зеленая, д. 73, 062633",F,081866665106,jaroslav_28,"['https://www.fedotova.net/', 'http://www.ip.info/', 'http://www.bikova.net/', 'http://www.ao.info/']"
327,"с. Шаховская, ул. Красных Партизан, д. 77, 783999",1970-10-12,A-,АО «Гурьев»,Интендант,shubinanatalja@rambler.ru,Третьяков Кузьма Жоресович,+7 (005) 713-8935,"с. Льгов, ул. Полярная, д. 63, 960925",M,584113540875,lebedevuljan,"['https://www.rao.ru/', 'http://www.ao.info/', 'https://shirjaev.biz/', 'http://www.npo.info/']"
328,"к. Лотошино, ул. Транспортная, д. 42, 504603",2015-10-01,0+,ИП «Владимирова»,Слесарь,kmoiseeva@mail.ru,Турова Наина Сергеевна,+7 (142) 579-42-03,"к. Новая Игирма, ул. Энгельса, д. 76, 316543",F,908911559941,arhip_69,"['https://www.doronin.org/', 'https://www.ao.ru/', 'http://ao.edu/', 'http://anisimov.edu/']"
329,"д. Серпухов, ул. Полярная, д. 67, 830881",2017-04-02,AB-,"ИП «Горшков, Медведев и Григорьев»",Бортпроводник/стюард,sofronpahomov@yahoo.com,Беспалова Ираида Леоновна,+7 792 385 4671,"д. Волгоград, ул. Новостройка, д. 69, 216195",F,892577143966,zosima30,"['http://www.safonov.edu/', 'https://www.galkina.info/']"
330,"с. Челюскин, ул. Медицинская, д. 48, 245212",1976-03-20,B-,"РАО «Крюкова, Медведева и Воронцов»",Инженер-гальваник,konovalovladimir@yahoo.com,Александрова Пелагея Геннадиевна,+7 (012) 195-3292,"д. Горно-Алтайск, ул. Вольная, д. 65, 986640",F,251088350154,valerjan_13,"['https://ao.edu/', 'https://www.npo.ru/', 'http://www.rao.com/']"
331,"с. Чусовой, ул. Майская, д. 81, 386616",2007-09-27,0-,АО «Уварова»,Военный прокурор,sigizmund63@rambler.ru,Ширяев Адам Елисеевич,+7 777 356 7152,"ст. Хоста, ул. Кольцова, д. 16, 322348",M,581492288543,ustinovagge,"['https://ip.edu/', 'https://ao.net/', 'http://www.ao.info/']"
332,"п. Омск, ул. Демьяна Бедного, д. 18, 784688",2010-08-01,AB+,Анисимова,Фотомодель,safonovmihe@gmail.com,Александрова Таисия Леоновна,+7 (360) 688-10-25,"с. Аша, ул. Щорса, д. 34, 438917",F,158121915743,pmuhin,['https://www.fadeev.info/']
333,"к. Тамбов, ул. Коммунаров, д. 00, 299369",1971-10-06,A+,Горбунов,Эпидемиолог,borisovanike@gmail.com,Фомичева Майя Ниловна,+7 182 909 37 26,"ст. Минусинск, ул. 9 Мая, д. 83, 839418",F,281432961705,wvinogradov,"['http://rao.edu/', 'http://rao.com/']"
334,"с. Добрянка, ул. Северная, д. 86, 664744",2003-12-09,AB-,РАО «Сорокин-Игнатова»,Фармацевт,tisaeva@rambler.ru,Дроздова Ксения Константиновна,+7 693 207 2899,"ст. Карачаевск, ул. Заречная, д. 39, 679837",F,425013830982,viktorin1999radislav_1998,['https://npo.edu/']
335,"клх Макаров, ул. Полевая, д. 59, 091192",1995-04-18,0-,РАО «Калашников Большаков»,Лоцман,uvarovafaina@yahoo.com,Наумов Исидор Борисович,+7 (995) 615-56-17,"ст. Муравленко, ул. Космонавтов, д. 83, 629340",M,175084564607,lora1979potap_1984,"['http://rao.edu/', 'http://ao.edu/', 'http://rao.com/', 'http://www.npo.net/']"
336,"д. Серебряные Пруды, ул. Плеханова, д. 52, 057873",1995-02-20,A-,"АО «Харитонова, Цветкова и Большаков»",Архивариус,savvati_96@mail.ru,Колобова Элеонора Семеновна,+7 (084) 808-2326,"д. Бугульма, ул. Демьяна Бедного, д. 93, 270018",F,259151003482,efrem07,"['https://www.suhanova.ru/', 'https://npo.org/', 'https://eliseeva.net/']"
337,"ст. Омск, ул. Советской Армии, д. 66, 971374",1974-05-14,AB-,"НПО «Капустин, Лыткин и Александров»",Инженер КИПиА,bbespalov@hotmail.com,Гуляев Феоктист Эдгарович,+7 (919) 412-37-61,"д. Чебаркуль, ул. Седова, д. 44, 727662",M,526975940740,vstrelkov,"['https://www.ao.info/', 'http://www.rao.com/', 'https://ip.ru/', 'https://ip.ru/']"
338,"г. Якутск, ул. Главная, д. 64, 109201",1980-03-16,B+,НПО «Жданов-Мамонтов»,Врач функциональной диагностики,vladlen2011fortunat_1971@gmail.com,тов. Мартынова Алла Васильевна,+7 (548) 171-54-33,"к. Лотошино, ул. Социалистическая, д. 90, 846416",F,623725276040,galkinnarkis,"['https://ip.ru/', 'https://www.ip.biz/', 'http://gushchin.org/']"
339,"к. Славгород, ул. Кирпичная, д. 35, 343602",2016-12-10,A-,Васильева,Инженер КИПиА,djachkovaleksandr@rambler.ru,Ширяева Валерия Валентиновна,+7 (408) 822-2831,"д. Александров Гай, ул. Котовского, д. 28, 255438",F,485685279090,borislavsazonov,"['http://ao.net/', 'http://www.ip.ru/']"
340,"с. Киржач, ул. Заводская, д. 62, 080875",2010-12-20,AB+,НПО «Пахомова»,Актёр,avksenti74@mail.ru,Фокин Елизар Виленович,+7 077 093 3301,"д. Владивосток, ул. Маркса Карла, д. 56, 576603",M,841886335453,platonsidorov,"['http://www.ao.ru/', 'http://www.mishina.com/']"
341,"с. Устюжна, ул. Маркса Карла, д. 95, 852308",1970-11-25,B-,АО «Исаев»,Огнемётчик,merkushevaantonina@gmail.com,Шарапов Марк Фролович,+7 965 307 6492,"п. Калач-на-Дону, ул. Революции, д. 11, 171354",M,995148702792,solovevaalevtina,"['https://www.kovalev.net/', 'http://ignateva.edu/']"
342,"д. Елатьма, ул. Заречная, д. 01, 345527",2012-10-23,AB-,АО «Шубина»,Диджей,evdokimovtvorimir@hotmail.com,Константинова Светлана Филипповна,+7 (457) 837-9521,"клх Ханты-Мансийск, ул. Репина, д. 56, 995101",F,356835264600,ostromirbelov,"['http://ao.info/', 'https://ao.ru/']"
343,"д. Красноуфимск, ул. Интернациональная, д. 19, 339557",1987-05-19,AB-,РАО «Ковалев»,Плотник,zikovlongin@yandex.ru,Кононова Феврония Петровна,+7 671 365 0318,"п. Арсеньев, ул. Дорожников, д. 31, 426853",F,083099987231,guri17,"['http://www.ao.net/', 'https://ao.net/']"
344,"клх Качканар, ул. Космодемьянской, д. 48, 039507",1973-03-27,B+,Овчинников,Химик,nikitinruben@hotmail.com,Лихачев Фока Арсенович,+7 437 577 18 65,"г. Гаврилов-Ям, ул. Проезжая, д. 22, 267503",M,162779013332,kimuvarov,"['http://npo.biz/', 'http://www.rao.info/', 'http://rao.net/', 'http://ip.net/']"
345,"с. Нальчик, ул. Приозерная, д. 53, 211997",2005-03-26,A+,НПО «Исаев Филатов»,Швея,taras1986glafira_1991@yandex.ru,Ермаков Филарет Чеславович,+7 (642) 703-26-45,"клх Звенигород, ул. Украинская, д. 46, 925870",M,598812562896,viktorija65,"['http://www.ip.biz/', 'http://www.ao.info/']"
346,"с. Катайск, ул. Звездная, д. 49, 461205",1997-05-26,A+,Кузнецова,Мануалист,sisoevjan@yandex.ru,Баранов Борислав Евсеевич,+7 (721) 292-84-85,"п. Чебаркуль, ул. Воровского, д. 47, 971890",M,166009037809,kornilovasinklitikija,['http://www.gorbachev.ru/']
347,"к. Кулу, ул. Путейская, д. 06, 065055",2001-02-25,A+,РАО «Ефимова-Борисов»,Сиделка,natan98@mail.ru,Кошелев Карп Иларионовичх,+7 627 358 9454,"с. Невьянск, ул. Снежная, д. 27, 213241",M,213618122210,margarita87,"['http://ribakov.edu/', 'http://www.ao.biz/', 'https://rao.org/']"
348,"г. Сибай, ул. Флотская, д. 62, 290190",1970-04-26,A-,РАО «Андреева-Назарова»,Кинорежиссер,anastasija_01@hotmail.com,Громова Акулина Ильинична,+7 (352) 585-0714,"клх Юровск, ул. Главная, д. 28, 345005",F,277317696385,fedor1997miroslav_1989,['http://www.ip.ru/']
349,"с. Астрахань, ул. Ударная, д. 70, 175372",1988-11-09,0-,НПО «Трофимов»,Медицинская сестра,roman_17@gmail.com,Карпова Татьяна Вячеславовна,+7 (282) 826-00-94,"д. Шелехов, ул. Челюскинцев, д. 79, 486068",F,161951421268,jaropolk34,['http://www.rao.edu/']
350,"к. Нефтеюганск, ул. Мостовая, д. 60, 377284",2000-04-19,AB+,АО «Бобров Мамонтов»,Рентгенолог,jakov2009sinklitikija_1993@yandex.ru,Жданова Ольга Васильевна,+7 (676) 595-77-15,"к. Ставрополь, ул. Комсомольская, д. 00, 265272",F,182028764302,nsolovev,"['http://www.ao.edu/', 'http://ao.info/']"
351,"к. Уссурийск, ул. Приморская, д. 33, 673175",1993-10-02,B-,НПО «Кабанов»,Почтальон,anani54@rambler.ru,Комиссарова Василиса Ждановна,+7 (957) 204-2812,"к. Туруханск, ул. Радищева, д. 39, 679129",F,089061971197,pimen_91,"['http://ao.info/', 'https://simonova.ru/', 'http://npo.com/']"
352,"клх Лесной (Сверд.), ул. Саратовская, д. 58, 611583",2010-02-21,A-,ИП «Александров-Блохин»,Трансфузиолог,polikarp80@gmail.com,Исакова Елена Степановна,+7 133 216 18 79,"с. Галич, ул. Короткая, д. 83, 384261",F,464932431835,antip_79,"['http://www.ip.com/', 'https://ao.edu/', 'http://artemev.biz/']"
353,"ст. Гагарин, ул. Л.Толстого, д. 00, 640340",1992-05-09,A-,НПО «Николаев-Наумов»,Военный консультант,jaropolk1992ereme_1976@yandex.ru,Сысоева Юлия Евгеньевна,+7 491 311 43 55,"д. Мценск, ул. Флотская, д. 43, 276525",F,711471305731,ippolit1986ermola_2003,"['http://vlasov.info/', 'https://www.tretjakov.com/', 'http://ip.net/', 'http://www.kovalev.com/']"
354,"г. Моршанск, ул. Прибрежная, д. 60, 108622",2003-12-06,AB-,АО «Авдеев»,Пастух,stojanstepanov@mail.ru,Гурьев Тихон Дорофеевич,+7 598 558 9186,"г. Иваново, ул. Ярославская, д. 09, 429264",M,178244603264,bobrovbronislav,"['http://www.tsvetkov.com/', 'https://www.rao.info/', 'https://npo.org/', 'http://www.rao.info/']"
355,"клх Таганрог, ул. Металлистов, д. 37, 166970",2000-08-10,B-,"НПО «Жуков, Носков и Калашникова»",Товаровед,abramovatamara@hotmail.com,Блинова Феврония Дмитриевна,+7 (473) 769-83-77,"п. Осташков, ул. Вокзальная, д. 55, 334247",F,519387925977,ernstdoronin,['https://ao.com/']
356,"д. Кулунда, ул. Шишкина, д. 61, 677513",2010-01-27,AB+,АО «Матвеев-Лапин»,Микробиолог,kallistratsilin@yahoo.com,Сорокин Вячеслав Чеславович,+7 (620) 828-3335,"д. Яр-Сале, ул. Фрунзе, д. 91, 699265",M,799799095539,emeljanovafanasi,['http://www.npo.net/']
357,"г. Йошкар-Ола, ул. Просвещения, д. 86, 259091",2000-05-08,B-,Евсеев,Танкист,tatjana23@rambler.ru,Меркушева Варвара Леоновна,+7 (718) 453-33-26,"ст. Приморско-Ахтарск, ул. Кольцова, д. 15, 199064",F,198836398047,julian_64,"['https://rao.ru/', 'https://www.ip.info/', 'https://rao.info/', 'http://www.npo.com/']"
358,"ст. Любань, ул. Радищева, д. 86, 538732",2001-08-03,B+,"НПО «Некрасова, Симонова и Чернов»",Пчеловод,kolobovvjacheslav@hotmail.com,Костина Ксения Дмитриевна,+7 (538) 362-03-49,"п. Обоянь, ул. Крымская, д. 03, 387143",F,439171768471,ilja04,"['http://www.npo.net/', 'https://www.shubin.net/', 'http://www.ip.info/', 'http://www.npo.info/']"
359,"к. Кириши, ул. Менделеева, д. 72, 381945",2008-09-17,AB-,НПО «Мясников»,Учитель,savelevaevfrosinija@gmail.com,Мамонтова Ия Артемовна,+7 183 053 82 31,"клх Брянск, ул. Декабристов, д. 71, 962451",F,861223012034,ladislavkirillov,"['http://www.petuhova.com/', 'https://petrova.org/', 'http://www.ip.ru/', 'https://npo.info/']"
360,"д. Курчатов, ул. Р.Люксембург, д. 92, 446135",1972-10-28,AB-,"НПО «Максимов, Аксенова и Петухов»",Экспедитор,firs11@gmail.com,Зимин Никон Анатольевич,+7 (961) 226-9576,"г. Хатанга, ул. Хуторская, д. 77, 420773",M,460860269680,ustin_56,['https://ao.biz/']
361,"п. Вендинга, ул. Автомобилистов, д. 72, 270664",2011-06-12,AB+,РАО «Королева»,Командир,dmitri1984arefi_1976@mail.ru,Дроздов Еремей Устинович,+7 479 636 0862,"ст. Когалым, ул. Кочубея, д. 82, 884284",M,041832969359,tvorimir1977anani_2006,"['http://ip.info/', 'https://www.npo.info/', 'https://npo.info/']"
362,"к. Кяхта, ул. Бабушкина, д. 11, 116255",1972-08-22,A-,НПО «Мартынов»,Упаковщик,lihachevsevastjan@yahoo.com,Михеева Ксения Ниловна,+7 (496) 178-9489,"д. Аша, ул. Парковая, д. 96, 351148",F,168403377064,izmail60,"['http://npo.biz/', 'https://tarasova.ru/', 'https://rao.biz/', 'https://www.ip.edu/']"
363,"п. Алексин, ул. Кузнецова, д. 76, 628253",2003-08-09,B-,"РАО «Казакова, Брагина и Александрова»",Сценарист,amvrosi_59@gmail.com,Ефремова Людмила Афанасьевна,+7 926 942 08 90,"д. Новомосковск, ул. Угольная, д. 07, 057082",F,494690498199,gushchinfeliks,"['https://www.rao.net/', 'http://www.ip.edu/', 'http://www.sharov.org/', 'http://www.zimina.info/']"
364,"клх Плесецк, ул. Орджоникидзе, д. 65, 484550",1974-02-11,B-,ИП «Боброва Юдина»,Гример,gorshkovbogdan@mail.ru,Буров Прохор Эдгардович,+7 (981) 395-4219,"д. Сковородино, ул. Владимирская, д. 27, 321155",M,697554352459,viktorija1992efim_2010,['https://www.rao.org/']
365,"г. Когалым, ул. Запорожская, д. 06, 948760",1974-07-20,B-,Лаврентьева,Врач скорой помощи,erofegorbunov@yahoo.com,Русакова Анна Станиславовна,+7 (945) 104-6748,"г. Краснодар, ул. Смоленская, д. 70, 946714",F,588028091834,sergeevpahom,"['https://www.rao.net/', 'https://www.npo.ru/', 'http://www.rao.ru/', 'http://kostin.info/']"
366,"к. Глазов, ул. Подлесная, д. 02, 932217",2012-05-02,AB+,ИП «Дмитриева»,Комендант,kovalevaveronika@gmail.com,Симонова Ульяна Егоровна,+7 (869) 853-6743,"п. Ижевск, ул. Привокзальная, д. 25, 942861",F,185919900414,bpavlov,"['https://www.npo.ru/', 'http://bogdanova.org/', 'https://www.rao.net/']"
367,"клх Минусинск, ул. Российская, д. 52, 813582",1970-10-31,0-,Самойлов,Поэт,svetozarjakovlev@yandex.ru,Ситникова Юлия Болеславовна,+7 777 449 8602,"клх Октябрьское (Хант.), ул. Мелиоративная, д. 08, 740726",F,366067386468,poljakovnifont,"['https://www.rao.net/', 'https://www.rao.org/']"
368,"д. Яшалта, ул. Республиканская, д. 15, 963259",1988-02-23,AB-,НПО «Гришина»,Фельдшер,oribakova@hotmail.com,Тетерина Евпраксия Макаровна,+7 (370) 102-55-24,"г. Можайск, ул. 1 Мая, д. 98, 414521",F,724666750532,averki11,['https://www.ao.org/']
369,"клх Орск, ул. Почтовая, д. 76, 753070",2009-10-22,0-,"РАО «Романов, Муравьев и Семенова»",Оториноларинголог,popovvladilen@mail.ru,Макаров Болеслав Елисеевич,+7 (193) 088-43-82,"п. Яр-Сале, ул. Калинина, д. 68, 039912",M,041154440275,isaevgremislav,"['http://www.ao.edu/', 'http://ip.biz/', 'http://www.ao.com/', 'https://www.ao.biz/']"
370,"с. Нефтекамск, ул. Социалистическая, д. 68, 215188",2001-02-06,B-,РАО «Соколова Фадеев»,Футуролог,demjan25@mail.ru,Кононов Будимир Даниилович,+7 838 862 42 76,"клх Сочи, ул. Карла Маркса, д. 37, 509070",M,913010819642,germanzuev,"['http://npo.ru/', 'https://npo.net/', 'http://bobileva.org/', 'http://rao.com/']"
371,"к. Игнашино, ул. Байкальская, д. 84, 619591",1996-07-02,B-,"НПО «Титов, Ковалева и Зиновьев»",Эфферентолог,sofon57@hotmail.com,Селезнева Лидия Анатольевна,+7 907 597 0458,"к. Лянтор, ул. Кавказская, д. 69, 425202",F,467889926813,evdokimovkarp,"['http://www.rao.info/', 'http://www.ip.org/']"
372,"д. Тулпан, ул. Свободы, д. 62, 318010",1995-11-05,0-,"АО «Зыков, Беспалова и Кондратьев»",Ортодонт,averjan_45@yandex.ru,Тихонова Евпраксия Тимуровна,+7 (558) 999-7902,"с. Ярославль, ул. Студенческая, д. 15, 516987",F,053445050199,nmelnikova,"['http://romanov.net/', 'https://npo.edu/', 'https://rao.net/', 'https://www.npo.ru/']"
373,"п. Усть-Камчатск, ул. Чайкиной, д. 28, 802074",2017-08-26,0-,"РАО «Власова, Одинцов и Моисеева»",Сексопатолог,konstantinovvenedikt@hotmail.com,Яковлева Фёкла Кузьминична,+7 257 067 2751,"клх Сосновый Бор, ул. Заозерная, д. 84, 042065",F,885376080748,fedoseevseliverst,"['http://ao.ru/', 'https://ao.info/', 'https://lazarev.info/']"
374,"клх Усть-Ордынский, ул. Труда, д. 39, 356480",2014-05-26,B-,ИП «Терентьев Елисеев»,Жиловщик/Обвальщик,teterinanikita@yahoo.com,Комиссаров Ерофей Терентьевич,+7 427 248 13 88,"с. Зеленогорск (Ленин.), ул. Монтажников, д. 82, 065324",M,469547687629,stanimir1978maja_1989,['http://www.ip.edu/']
375,"с. Сладково, ул. Степная, д. 34, 840975",1976-02-08,B-,Тетерина,Психоневропатолог,zhdanovjaropolk@yandex.ru,Большакова Октябрина Геннадиевна,+7 (736) 608-5238,"д. Переславль-Залесский, ул. Лесхозная, д. 91, 086917",F,777714099423,odrozdov,"['http://www.npo.com/', 'http://ao.info/', 'http://www.npo.biz/', 'http://www.ao.ru/']"
376,"к. Горячий Ключ, ул. Северная, д. 73, 395246",1986-01-04,AB+,РАО «Данилова»,Бухгалтер,modestkrjukov@hotmail.com,Коновалов Святослав Тихонович,+7 (659) 202-3772,"к. Салават, ул. Заречная, д. 19, 026949",M,715936228526,emeljan1973filaret_1993,['https://www.npo.org/']
377,"клх Билибино, ул. Демьяна Бедного, д. 33, 274637",2010-05-24,0-,"ИП «Баранов, Быкова и Комаров»",Дефектолог,kira29@rambler.ru,Егоров Тихон Иосипович,+7 (175) 431-20-99,"к. Кандалакша, ул. Шевченко, д. 82, 584422",M,141498978302,dnikiforova,"['http://www.davidova.org/', 'https://www.npo.net/']"
378,"п. Минусинск, ул. Воронежская, д. 41, 890032",1980-07-24,A+,АО «Казаков-Виноградов»,Работник органов ЗАГСа,kulagingleb@hotmail.com,Сидорова Валентина Сергеевна,+7 943 507 3148,"п. Невельск, ул. Южная, д. 79, 794882",F,650177985909,belovvladislav,['https://www.ao.net/']
379,"с. Минусинск, ул. Гоголя, д. 13, 092728",1981-07-06,B-,АО «Лапин-Панфилова»,Сексолог,kulaginmaksim@mail.ru,Кабанова Элеонора Егоровна,+7 933 390 43 19,"с. Лабытнанги, ул. Фабричная, д. 64, 403548",F,009578089140,antonin_35,"['http://rao.net/', 'https://ao.biz/', 'http://gromov.edu/', 'https://www.rao.info/']"
380,"ст. Тамбов, ул. Журавлева, д. 89, 456977",2001-12-25,B-,НПО «Лазарев»,Работник органов ЗАГСа,ggordeev@yahoo.com,Павлова Варвара Болеславовна,+7 (410) 196-92-01,"клх Балашов, ул. Кедровая, д. 03, 029704",F,728624425260,molchanovboleslav,"['https://www.ao.net/', 'https://www.rao.org/', 'https://www.npo.ru/', 'https://www.ao.org/']"
381,"г. Ставрополь, ул. Одесская, д. 57, 396623",2009-08-18,A-,Носов,Токсиколог,moke2010sidor_2017@gmail.com,Лобанова София Станиславовна,+7 (837) 197-3375,"с. Алдан, ул. Заводская, д. 44, 870607",F,028414480075,igor1973prokl_2003,['http://npo.info/']
382,"д. Великие Луки, ул. Ключевая, д. 96, 570775",1999-05-05,B-,АО «Григорьев»,Воспитатель,dorofeevaninel@gmail.com,Никонов Мокей Дорофеевич,+7 931 428 7063,"п. Балашиха, ул. Водопроводная, д. 74, 461948",M,861471104148,kuzma87,['http://www.npo.biz/']
383,"клх Рубцовск, ул. Горняцкая, д. 10, 036926",1987-10-07,AB+,"НПО «Большакова, Никитин и Корнилова»",Математик,artemshubin@yandex.ru,Титова Акулина Леоновна,+7 (364) 322-4706,"г. Амдерма, ул. Юбилейная, д. 14, 465804",F,482224377132,alina1972konstantin_1977,"['http://ao.biz/', 'https://ip.biz/', 'http://ao.edu/']"
384,"ст. Ивдель, ул. Боровая, д. 94, 050572",1997-11-03,A-,ИП «Гордеев Лобанова»,Актуарий,shcherbakovmefodi@rambler.ru,Кулакова Клавдия Владиславовна,+7 086 130 17 82,"д. Тамбов, ул. Целинная, д. 30, 705419",F,886782499649,panovtimofe,['http://www.yudin.org/']
385,"клх Новочеркасск, ул. Журавлева, д. 35, 114921",1971-05-13,AB-,Назаров,Инженер-лаборант,dmatveeva@yandex.ru,Самойлова Нонна Анатольевна,+7 399 333 23 67,"д. Нарткала, ул. Азина, д. 77, 814295",F,899896589390,ksenija69,"['https://rao.edu/', 'https://ip.com/', 'https://rao.info/']"
386,"клх Тихорецк, ул. Попова, д. 20, 915266",1993-05-26,0+,Суворова,Парфюмер,novikovanisim@yandex.ru,Зуева Регина Вадимовна,+7 (681) 501-88-43,"д. Шилка, ул. Западная, д. 96, 777224",F,182515350676,venedikt1970foka_1993,"['https://www.ao.ru/', 'http://ip.org/']"
387,"г. Суздаль, ул. Урицкого, д. 29, 463454",1971-02-15,AB+,РАО «Некрасов-Ларионов»,Повар,zkalinina@hotmail.com,Веселов Эммануил Трифонович,+7 753 532 21 57,"г. Соль-Илецк, ул. Крестьянская, д. 41, 472401",M,925005973806,cmuraveva,['https://www.npo.biz/']
388,"д. Арзамас, ул. Западная, д. 23, 954985",2008-10-18,0-,АО «Турова Силина»,Оториноларинголог,suvorovefim@yandex.ru,Громова Галина Аркадьевна,+7 037 516 20 96,"г. Вытегра, ул. Крестьянская, д. 64, 962924",F,257546508504,sharapovaevfrosinija,"['http://www.rao.com/', 'http://www.ip.biz/']"
389,"д. Аршан (Бурят.), ул. Таежная, д. 07, 429992",2013-12-02,0-,ИП «Давыдов Лапин»,Инкассатор,karp_46@mail.ru,Евсеева Евпраксия Тарасовна,+7 (996) 697-20-06,"г. Карабулак, ул. Отрадная, д. 85, 899566",F,896706569668,borisovvjacheslav,"['https://sidorov.org/', 'https://www.rao.com/', 'https://www.rao.ru/']"
390,"с. Звенигород, ул. Троицкая, д. 74, 287746",1992-04-13,A+,ИП «Воронцова-Романов»,Комбайнер,mokekostin@rambler.ru,Кабанова Наталья Геннадьевна,+7 (309) 714-7375,"п. Карпинск, ул. Макарова, д. 21, 717473",F,170426447507,kazimir2013militsa_1977,"['https://rao.ru/', 'http://www.rao.biz/', 'https://www.ao.biz/', 'https://rao.ru/']"
391,"ст. Троицк (Челяб.), ул. Бригадная, д. 38, 527095",1978-06-28,0+,ИП «Громова-Колобова»,Ортопед,askold86@gmail.com,Громов Бронислав Борисович,+7 (830) 062-09-03,"клх Красногорск (Моск.), ул. К.Маркса, д. 49, 156835",M,727722856776,boleslav85,"['http://ao.ru/', 'https://www.shirjaeva.edu/', 'https://ao.ru/', 'https://ao.org/']"
392,"к. Тимашевск, ул. Журавлева, д. 64, 213033",1975-07-02,B-,НПО «Пестов-Герасимов»,Психиатр,georgi_63@yandex.ru,Владимиров Влас Архипович,+7 380 434 5094,"клх Морозовск, ул. Мая 1, д. 27, 886989",M,241791816645,feliseev,"['http://ip.com/', 'https://moiseeva.com/', 'https://www.ao.com/', 'http://mironova.com/']"
393,"г. Армавир, ул. Подстанция, д. 60, 961064",2006-05-19,0-,ИП «Мишина Шарова»,Заряжающий,xsilin@mail.ru,Вишнякова Анжелика Феликсовна,+7 (408) 143-95-90,"ст. Усть-Ордынский, ул. Прудная, д. 43, 027921",F,439021650172,petralekseev,['https://www.ip.com/']
394,"к. Железногорск(Курск.), ул. Островского, д. 29, 270505",2017-09-03,AB+,АО «Игнатьева Ефимова»,Булочник,sazonovaoksana@rambler.ru,Ковалева Любовь Кузминична,+7 326 102 79 96,"клх Балтийск, ул. Локомотивная, д. 25, 017990",F,534754528639,sila2015aleksandr_2009,"['http://www.ip.edu/', 'http://rao.net/', 'https://www.seliverstova.edu/', 'https://www.djachkova.biz/']"
395,"с. Ангарск, ул. 60 лет Октября, д. 34, 293621",1983-10-08,A+,ИП «Сазонов»,Профпатолог,martinovaanzhelika@yandex.ru,Князева Виктория Архиповна,+7 098 028 65 71,"ст. Томпа, ул. Циолковского, д. 80, 082044",F,340955121549,yrozhkov,['http://www.npo.com/']
396,"п. Краснокамск, ул. Мусы Джалиля, д. 66, 923310",2011-06-29,AB-,"НПО «Носов, Кудрявцева и Николаева»",Военный полицейский,nina19@yandex.ru,Лаврентьева Надежда Макаровна,+7 825 739 97 45,"п. Белгород, ул. Красногвардейская, д. 75, 152005",F,160598408474,kabanovemmanuil,"['http://www.ip.net/', 'https://ip.com/', 'https://ip.net/']"
397,"ст. Киренск, ул. Ульянова, д. 34, 142214",1983-02-28,A-,РАО «Аксенова»,Кладовщик,ynazarov@hotmail.com,Одинцова Жанна Филипповна,+7 (711) 220-8358,"г. Адыгейск, ул. Российская, д. 71, 640712",F,860598910287,dementevmilan,['https://npo.info/']
398,"д. Новороссийск, ул. Заовражная, д. 39, 495039",1991-02-21,A+,Панфилов,Психотерапевт,jzaharov@hotmail.com,Филатова Олимпиада Ждановна,+7 526 772 3173,"д. Горячинск, ул. Парковая, д. 34, 445819",F,339288089320,mihalovajulija,"['http://ao.info/', 'http://www.ip.info/']"
399,"г. Кингисепп, ул. Шевченко, д. 04, 856565",2007-07-15,B+,НПО «Шубин Ширяева»,Художник,fominsemen@hotmail.com,Кулагин Борис Ильич,+7 (943) 628-72-13,"г. Голицыно, ул. Красных Партизан, д. 11, 012404",M,431222987857,sazonovsavvati,['https://blohina.org/']
400,"ст. Осташков, ул. Сельская, д. 43, 243404",1985-05-30,AB+,РАО «Борисова»,Горнострелок,simon10@rambler.ru,Красильников Селиверст Зиновьевич,+7 113 003 4416,"с. Кинешма, ул. Лесная, д. 94, 701496",M,025164464666,chernovsamson,"['https://www.tihonov.edu/', 'http://kolobova.com/', 'http://bobileva.net/']"
401,"ст. Одинцово, ул. Мусы Джалиля, д. 46, 365825",1990-12-31,B-,РАО «Фадеев Беляева»,Кинорежиссер,danila91@gmail.com,Воробьева Наина Дмитриевна,+7 944 851 24 66,"клх Сасово, ул. 50 лет ВЛКСМ, д. 98, 957388",F,347877834473,beljakovaklavdija,"['http://www.ip.info/', 'https://www.ip.com/']"
402,"п. Ростов, ул. Чайкиной, д. 75, 435202",2004-06-30,AB-,НПО «Ковалев Шаров»,Табаковод,wmedvedev@hotmail.com,Антонов Амос Ефстафьевич,+7 (448) 065-9957,"п. Торжок, ул. Радужная, д. 15, 028155",M,352936942437,xguljaeva,"['https://www.rao.edu/', 'http://www.npo.biz/', 'http://www.rao.net/', 'http://ip.net/']"
403,"клх Находка, ул. Ручейная, д. 70, 154331",1998-12-30,0+,"ИП «Ефимова, Максимов и Гордеев»",Канонир,vorobevkir@gmail.com,Михеев Кирилл Венедиктович,+7 (316) 547-88-46,"п. Игарка, ул. Горького, д. 87, 431821",M,750170351936,nikitanikitin,['http://npo.com/']
404,"г. Ельня, ул. Техническая, д. 19, 811258",1998-07-16,AB+,АО «Федосеев»,Аллерголог,bkrasilnikov@mail.ru,Симонов Михей Витальевич,+7 (536) 043-9538,"клх Ахтубинск, ул. Морозова, д. 46, 684088",M,945803813180,evserjabov,"['http://www.rao.info/', 'http://www.ao.biz/', 'https://npo.org/']"
405,"п. Лагань, ул. Главная, д. 37, 647603",1988-02-22,A-,"РАО «Орехова, Зуева и Веселова»",Декоратор,sharovljubim@yahoo.com,Калашникова Иванна Андреевна,+7 (446) 593-33-30,"п. Беслан, ул. Есенина, д. 00, 814897",F,814988185615,pefimov,['http://npo.com/']
406,"с. Луховицы, ул. Ростовская, д. 24, 766064",1984-02-20,A-,НПО «Архипова-Овчинникова»,Санитар,fevseev@mail.ru,Казакова Татьяна Ивановна,+7 (468) 323-6894,"к. Тикси, ул. Рыбацкая, д. 82, 273388",F,591242235516,martin_07,['https://www.filippova.ru/']
407,"п. Шумиха, ул. Красная, д. 27, 601475",1989-06-19,0+,НПО «Фадеева-Блохин»,Нефролог,sinklitikija1976ekaterina_1980@hotmail.com,Зыков Никифор Викторович,+7 (520) 384-34-83,"г. Кижи, ул. Высотная, д. 76, 417567",M,039135155821,ovchinnikovazhanna,['https://www.rao.com/']
408,"д. Елец, ул. Восточная, д. 09, 076808",1985-03-20,0-,РАО «Лихачев-Алексеев»,Страховой агент,afanasevsofron@rambler.ru,Носова Милица Тимофеевна,+7 (469) 723-8612,"г. Ессентуки, ул. Ключевая, д. 64, 322996",F,733315566814,mihalovairina,"['https://www.ao.info/', 'http://www.ao.ru/', 'https://www.rao.net/']"
409,"п. Котельнич, ул. Коммуны, д. 13, 553386",1993-06-20,0-,РАО «Носов»,Бактериолог,savva2006alekse_2017@rambler.ru,Уварова Нонна Тарасовна,+7 (716) 308-1588,"г. Краснотурьинск, ул. Коллективная, д. 47, 627562",F,946965757492,lapinavera,['http://fomichev.com/']
410,"к. Обоянь, ул. Запорожская, д. 73, 706984",2002-12-12,0-,"АО «Кулакова, Александрова и Петухов»",Кондуктор,lazarevaemilija@mail.ru,Кулакова Алина Михайловна,+7 676 088 14 69,"клх Чегем, ул. Мелиоративная, д. 66, 924740",F,088346353170,ukuznetsov,"['https://ip.com/', 'http://www.djachkov.biz/']"
411,"ст. Советский, ул. Короткая, д. 64, 963940",1993-03-20,B+,АО «Рогов Павлова»,Тестировщик,galkinlazar@hotmail.com,Харитонов Аникей Елисеевич,+7 099 015 83 48,"к. Тайшет, ул. Киевская, д. 32, 311978",M,750918886576,artemi_54,"['http://npo.info/', 'http://www.ao.ru/', 'http://mishina.org/', 'https://www.rao.org/']"
412,"п. Лагань, ул. Восьмого Марта, д. 66, 697945",2005-03-18,0+,"РАО «Меркушева, Лыткина и Симонова»",Проктолог,isemenov@mail.ru,Александров Самуил Эдгардович,+7 (158) 444-2921,"г. Нефедова, ул. Балтийская, д. 06, 634197",M,943652380865,leon_52,"['http://www.ip.edu/', 'https://npo.ru/', 'https://www.ip.edu/', 'https://rao.com/']"
413,"д. Холмогоры, ул. Дарвина, д. 28, 097446",1970-01-08,AB+,ИП «Поляков-Носов»,Психоневропатолог,subbotinaninel@rambler.ru,Ильин Алексей Антонович,+7 (358) 365-1669,"с. Кажим, ул. Сурикова, д. 53, 959469",M,543774924526,kliment90,['http://pavlov.edu/']
414,"г. Тайшет, ул. Морозова, д. 88, 351698",1993-05-10,0+,АО «Бурова»,Шкипер,sevastjan_96@mail.ru,Тетерина Нонна Харитоновна,+7 180 425 66 53,"ст. Териберка, ул. Красноярская, д. 98, 917760",F,328824948178,gremislavsisoev,"['https://rao.info/', 'https://www.ao.ru/', 'http://ao.net/']"
415,"д. Одинцово, ул. Петровская, д. 91, 219387",2017-04-02,AB-,АО «Гурьева»,Хореограф,matveevmoise@mail.ru,Петров Марк Владиславович,+7 459 947 78 63,"ст. Снежинск, ул. Просвещения, д. 41, 661406",M,468928039480,maksimiljan1976vjacheslav_1989,"['http://www.filippov.net/', 'http://www.zaharova.biz/', 'http://ip.edu/']"
416,"п. Урай, ул. Маяковского, д. 50, 178044",1989-10-27,A-,НПО «Смирнов-Маслова»,Нарколог,naumovaalina@hotmail.com,Князева Элеонора Афанасьевна,+7 503 622 76 26,"г. Сызрань, ул. Краснопартизанская, д. 27, 854003",F,834933858337,germanmaksimov,"['http://ao.info/', 'http://www.ao.ru/', 'http://www.ao.net/', 'http://www.rao.biz/']"
417,"к. Санкт-Петербург, ул. Рязанская, д. 81, 379265",1986-02-04,A-,РАО «Бобылева-Белоусов»,Переплётчик,jakovjudin@yandex.ru,Смирнов Мина Виленович,+7 (300) 208-4549,"к. Гудермес, ул. М.Горького, д. 93, 477953",M,855936390849,jorlova,"['http://ao.net/', 'https://www.ao.ru/', 'http://www.npo.edu/']"
418,"клх Тюмень, ул. Смирнова, д. 45, 239826",2005-05-21,0-,"РАО «Маслов, Марков и Лихачева»",Булочник,osilin@hotmail.com,Тетерина Светлана Рубеновна,+7 (526) 265-1668,"г. Теберда, ул. Красноармейская, д. 04, 346967",F,209876144327,felikskonstantinov,"['https://www.ao.com/', 'http://www.ip.net/']"
419,"к. Новгород Великий, ул. Привольная, д. 59, 230035",1989-05-22,A+,"РАО «Зыков, Орехова и Прохорова»",Инженер-технолог,oksana_57@rambler.ru,Котов Данила Брониславович,+7 (983) 282-9293,"д. Балашов, ул. Мирная, д. 54, 288194",M,151138656631,erememuhin,"['https://ao.org/', 'https://ao.org/', 'https://www.ip.edu/', 'http://rao.info/']"
420,"к. Октябрьское (Хант.), ул. Волкова, д. 20, 880426",2011-11-27,0-,"ИП «Орехов, Блинов и Дмитриева»",Офтальмолог,bsemenova@hotmail.com,Воробьева Нонна Михайловна,+7 (696) 366-15-15,"ст. Беломорск, ул. Кооперативная, д. 03, 800379",F,783815672860,qnovikova,"['https://www.safonov.info/', 'http://www.timofeev.ru/', 'https://ip.ru/', 'http://muraveva.info/']"
421,"клх Борзя, ул. Железнодорожная, д. 49, 351510",1981-02-22,0-,РАО «Брагина-Лебедева»,Артиллерист,olimpi_51@mail.ru,Большаков Кирилл Ермилович,+7 336 808 84 55,"п. Салават, ул. Мелиоративная, д. 16, 954270",M,160405218656,vladimirovpantelemon,"['http://ao.ru/', 'http://gorshkov.ru/']"
422,"д. Троицко-Печорск, ул. Радужная, д. 94, 271331",1989-10-04,B+,Мартынов,Секретчик,vsemil2000svetozar_1995@hotmail.com,Агафонова Нина Харитоновна,+7 212 169 6511,"ст. Нефтегорск (Самар.), ул. Павлова, д. 54, 093862",F,364204571234,agafonmihalov,['http://www.tarasov.org/']
423,"г. Карпинск, ул. Новостройка, д. 53, 396678",2015-11-10,A-,РАО «Антонов-Родионова»,Детектив,zinovi_27@rambler.ru,Панфилова Ольга Мироновна,+7 (991) 664-4014,"к. Красноселькуп, ул. Интернациональная, д. 72, 764126",F,394570684917,erast_43,['http://www.ao.edu/']
424,"п. Ханты-Мансийск, ул. Демьяна Бедного, д. 57, 673975",1993-04-12,A-,"ИП «Алексеев, Авдеева и Котова»",Горняк,loginovaverjan@gmail.com,Рожков Савва Бориславич,+7 923 288 44 10,"с. Сортавала, ул. Техническая, д. 68, 766298",M,969465331538,lobanovanatalja,"['https://www.npo.net/', 'http://www.rao.info/']"
425,"д. Ангарск, ул. Дорожников, д. 29, 199027",1979-05-04,B-,ИП «Тарасов Королев»,Сомелье,osipkovalev@yahoo.com,Андреев Ярополк Федосеевич,+7 382 547 48 04,"с. Сасово, ул. Леваневского, д. 19, 147866",M,667134577592,spiridon2009kondrat_1980,['https://www.ao.net/']
426,"д. Уссурийск, ул. Юности, д. 98, 744701",1982-07-30,B+,ИП «Степанов Белоусова»,Каскадёр,ajudin@yahoo.com,Самсонов Юрий Харлампович,+7 465 270 7511,"с. Кулу, ул. Черноморская, д. 70, 050456",M,795436128729,nkuznetsova,"['https://www.ip.info/', 'http://ao.biz/', 'http://www.rao.edu/', 'https://ao.edu/']"
427,"г. Петушки, ул. Болотная, д. 70, 506936",2009-12-27,A-,РАО «Игнатова Соболева»,Плотник,emilija1992olimpi_1989@yandex.ru,Абрамова Лариса Аскольдовна,+7 577 986 41 61,"г. Далматово, ул. Мостовая, д. 35, 152556",F,485487639068,bogdanovaemilija,"['http://www.kalashnikov.info/', 'http://www.npo.org/', 'http://aksenova.net/', 'https://www.petuhov.info/']"
428,"г. Назрань, ул. Ольховая, д. 61, 105753",2005-06-11,AB+,"ИП «Филиппова, Калашникова и Титов»",Ортопед,dementitsvetkov@rambler.ru,Селиверстова Виктория Натановна,+7 (534) 982-0436,"клх Нижневартовск, ул. Никитина, д. 08, 824192",F,848960007002,krasilnikovpotap,"['http://ao.ru/', 'https://rao.biz/', 'http://ao.org/']"
429,"с. Листвянка (Иркут.), ул. Серова, д. 24, 600763",1978-11-03,A-,"АО «Суворова, Владимиров и Быкова»",Массажист,ignati1994zoja_2016@yahoo.com,Мамонтов Эраст Геннадиевич,+7 421 756 1042,"г. Нефтеюганск, ул. Семашко, д. 72, 478795",M,238093222623,zuevapolina,['https://www.eliseeva.info/']
430,"клх Билибино, ул. Кооперативная, д. 81, 175760",2008-05-07,AB+,"ИП «Крюкова, Романов и Дементьев»",Интендант,veselovsokrat@mail.ru,Кондратьева Пелагея Васильевна,+7 513 919 0479,"клх Лабинск, ул. Беляева, д. 96, 669662",F,793275183940,gostomisl66,"['http://rao.com/', 'http://ip.edu/', 'http://ao.edu/']"
431,"с. Каменск-Уральский, ул. Моховая, д. 02, 270577",1994-08-16,A-,АО «Лобанова»,Кровельщик,blohinladimir@gmail.com,Сорокина София Романовна,+7 678 831 70 01,"ст. Вытегра, ул. Гайдара, д. 90, 459884",F,960132223859,askold_58,['https://titov.biz/']
432,"п. Оленегорск (Якут.), ул. М.Горького, д. 92, 519252",1984-08-16,AB+,РАО «Павлова Давыдова»,Контент-менеджер,kornilovavera@yandex.ru,Суханова Таисия Васильевна,+7 791 882 9874,"клх Новый Оскол, ул. Санаторная, д. 04, 628836",F,001134308458,evdokimovvalentin,"['https://www.npo.ru/', 'https://ao.com/', 'http://npo.com/']"
433,"п. Камышлов, ул. Энергетиков, д. 48, 132632",1985-11-24,B+,"ИП «Фомина, Голубев и Авдеев»",Промышленный альпинист,stepanovaevgenija@hotmail.com,Гришина Оксана Альбертовна,+7 449 912 2437,"клх Миллерово, ул. Николаева, д. 73, 585223",F,020389285355,sigizmund80,"['http://ao.org/', 'http://www.evdokimov.net/', 'http://www.ao.org/', 'http://ao.biz/']"
434,"п. Аргаяш, ул. Ильича, д. 05, 910935",2005-01-17,B+,"НПО «Комаров, Ершова и Власова»",Кок,rsidorov@rambler.ru,Третьяков Мокей Трофимович,+7 277 785 9729,"с. Карабудахкент, ул. 9 Января, д. 78, 867290",M,105750008113,fedotovsimon,"['http://www.ao.org/', 'https://www.rao.ru/']"
435,"д. Подольск, ул. Радужная, д. 51, 153687",1985-04-04,B+,ИП «Егоров-Бобылев»,Поэт,lavrenti01@yahoo.com,Ермакова Октябрина Вениаминовна,+7 231 660 1875,"с. Сургут (Хант.), ул. Чапаева, д. 94, 408883",F,186293498729,popovaevdokija,['https://ao.com/']
436,"с. Белгород, ул. Тихая, д. 81, 664197",1992-03-21,A+,АО «Якушева»,Тележурналист,mihe18@mail.ru,Шилов Савватий Фокич,+7 022 036 78 48,"клх Абинск, ул. Нефтяников, д. 14, 045691",M,418326638508,efremovrostislav,['https://ip.net/']
437,"ст. Нерчинск, ул. Фадеева, д. 08, 088142",2015-05-13,B-,ИП «Беляева»,Иллюстратор,veselovvisheslav@yahoo.com,Данилова Наталья Алексеевна,+7 (350) 111-24-36,"д. Верхний Уфалей, ул. Клубная, д. 37, 514636",F,584123472689,avksenti1971bogdan_1981,"['https://ao.info/', 'http://www.ip.edu/']"
438,"клх Шадринск, ул. Аэродромная, д. 50, 549757",1997-02-27,B+,НПО «Соболев»,Преподаватель,kharitonov@mail.ru,Фомичев Макар Арсенович,+7 (294) 614-98-03,"с. Тавда, ул. Полевая, д. 05, 039092",M,032684348386,porfiriignatov,"['http://ip.com/', 'http://panov.org/']"
439,"к. Волгодонск, ул. Энергетическая, д. 01, 274183",1993-08-19,0+,НПО «Кузьмина-Власов»,Зенитчик,kallistrat14@hotmail.com,Лазарев Бажен Анисимович,+7 (104) 231-26-31,"ст. Сибай, ул. Вольная, д. 45, 892646",M,319221126312,petr31,['https://www.fokina.org/']
440,"к. Можайск, ул. Дарвина, д. 80, 137891",1999-04-24,0+,Терентьев,Гематолог,martinovvjacheslav@hotmail.com,Кириллова Юлия Вячеславовна,+7 600 672 2630,"д. Оренбург, ул. Минская, д. 60, 348411",F,686327481249,kulikovakim,['http://ip.ru/']
441,"с. Юрьевец (Иван.), ул. Отрадная, д. 67, 519810",2010-08-01,B+,ИП «Карпов Наумова»,Телохранитель,sazonovaalina@yahoo.com,Сорокина Тамара Аркадьевна,+7 (923) 861-0258,"с. Аргаяш, ул. Льва Толстого, д. 80, 989096",F,070120409653,imelnikov,"['http://ip.org/', 'http://ip.net/', 'http://komissarova.org/']"
442,"д. Палана, ул. Нижняя, д. 05, 957472",1999-01-26,A+,Калинина,Жиловщик/Обвальщик,marian_87@yahoo.com,Шашкова Вера Павловна,+7 282 378 0424,"к. Барнаул, ул. Цветочная, д. 73, 112806",F,390468684948,vishnjakovvlas,"['https://www.ao.com/', 'http://ignatev.com/', 'http://www.ip.edu/', 'http://krilov.net/']"
443,"д. Октябрьское (Хант.), ул. Крылова, д. 84, 783452",2013-07-31,A+,ИП «Гусева»,Инженер-конструктор,ignatimarkov@yahoo.com,Евсеева Глафира Ниловна,+7 460 212 31 61,"г. Нурлат, ул. Ветеранов, д. 78, 090774",F,454311804373,jakovlevevse,"['http://npo.net/', 'http://ip.com/', 'http://www.npo.info/', 'https://rao.org/']"
444,"клх Усть-Кулом, ул. Металлистов, д. 28, 562208",1991-02-03,0-,ИП «Полякова»,Психолог,koshelevjan@mail.ru,Громова Виктория Геннадиевна,+7 (603) 179-14-60,"к. Королев, ул. Водопроводная, д. 97, 065563",F,786021709841,kapustinrodion,['http://www.rao.info/']
445,"ст. Аша, ул. Лазурная, д. 20, 591554",1995-02-19,AB+,АО «Архипов»,Инженер-лесотехник,gsolovev@hotmail.com,Пестов Добромысл Владиленович,+7 (477) 899-41-26,"г. Терней, ул. Орджоникидзе, д. 59, 255632",M,719527869944,pankrati1972varlaam_2010,['http://www.ao.info/']
446,"клх Воткинск, ул. Калинина, д. 12, 185469",1999-03-19,B-,"НПО «Емельянов, Тетерин и Буров»",Брокер,romanbobrov@yahoo.com,Гуляева Фёкла Эльдаровна,+7 (632) 277-01-55,"г. Жигулевск, ул. Кочубея, д. 17, 070094",F,928915381143,prohorovarefi,"['http://rao.edu/', 'https://ao.biz/', 'http://www.rao.ru/', 'http://ip.edu/']"
447,"ст. Сеймчан, ул. Главная, д. 89, 586407",1982-03-28,B+,"НПО «Баранов, Шубин и Жуков»",Фармацевт,terenti1977ratmir_2002@yahoo.com,Матвеева Майя Станиславовна,+7 874 760 5569,"клх Архангельск, ул. Культуры, д. 97, 120289",F,904298078591,gurevsamson,['http://www.npo.info/']
448,"ст. Углегорск, ул. Театральная, д. 80, 753066",2003-09-07,A-,РАО «Шестакова»,Архитектор,seleznevaolga@rambler.ru,Марков Аполлон Фёдорович,+7 337 288 0970,"клх Галич, ул. Гастелло, д. 14, 594340",M,809437012296,askold69,"['https://www.ao.ru/', 'http://ao.com/']"
449,"п. Вуктыл, ул. Осипенко, д. 31, 846879",1998-06-26,A-,ИП «Сазонова Лобанова»,Комендант,bogdan_85@yandex.ru,Кириллов Всеслав Зиновьевич,+7 (856) 450-61-11,"клх Тольятти, ул. Енисейская, д. 47, 998029",M,991684735051,ignati1974ostromir_2003,['http://npo.org/']
450,"к. Челюскин, ул. Таежная, д. 44, 821121",1993-01-24,A+,Колобов,Бортинженер,noskovavalerija@rambler.ru,Маркова Нина Захаровна,+7 386 919 2373,"г. Галич, ул. Большая, д. 85, 831068",F,811806103393,shubinmarian,"['https://ip.org/', 'https://kopilov.net/']"
451,"клх Якша, ул. Подлесная, д. 05, 086263",1991-11-10,A-,"НПО «Носова, Капустин и Ермаков»",Математик,svetozar47@mail.ru,Лукин Федот Валерианович,+7 (614) 187-77-18,"п. Сосьва (Хант.), ул. Тульская, д. 03, 993185",M,193919315681,keliseev,"['https://ao.biz/', 'https://www.rao.com/', 'http://npo.ru/']"
452,"д. Троицк (Челяб.), ул. Ушакова, д. 33, 705530",1996-12-05,A+,"НПО «Лыткин, Цветков и Одинцова»",Товаровед,loginovaninel@yahoo.com,Бобров Евстигней Фомич,+7 377 725 53 98,"п. Печора, ул. Песчаная, д. 18, 904090",M,621952279125,gzinovev,"['http://www.ip.ru/', 'http://npo.info/', 'http://www.rao.org/', 'http://www.ao.net/']"
453,"п. Каменск-Шахтинский, ул. Циолковского, д. 38, 807797",2017-07-29,A-,"НПО «Назаров, Матвеева и Пономарева»",Миколог,gfilippova@gmail.com,Доронина Наина Ниловна,+7 (640) 195-9543,"к. Бугуруслан, ул. Щетинкина, д. 23, 053246",F,202919728581,veniamin05,['http://ao.org/']
454,"п. Челюскин, ул. Болотная, д. 42, 053502",1994-11-09,AB+,ИП «Рожков»,Космонавт,nazarovapraskovja@rambler.ru,Калинин Парамон Егорович,+7 (295) 017-1047,"с. Льгов, ул. Краснознаменная, д. 23, 159263",M,098199856315,yosipova,"['http://suhanova.biz/', 'http://www.ip.edu/']"
455,"клх Тамбов, ул. Толбухина, д. 31, 160938",2000-06-28,0+,АО «Тетерина Шарапов»,Механик-Водитель,efedorova@yandex.ru,Мишина Антонина Кузминична,+7 (663) 344-6842,"с. Одинцово, ул. Энгельса, д. 81, 145176",F,288319377580,sazonovapolina,"['http://www.sergeeva.com/', 'http://www.ip.info/']"
456,"г. Уссурийск, ул. Рыбацкая, д. 85, 733247",1994-05-27,0-,"РАО «Горбачев, Блохин и Никифорова»",Вокалист,bikovalarisa@rambler.ru,Ефимова Вероника Игоревна,+7 (111) 449-86-58,"с. Братск, ул. К.Маркса, д. 84, 036114",F,667625091839,milan_40,"['https://www.ao.net/', 'https://www.npo.com/', 'https://www.ao.info/']"
457,"к. Мирный, ул. 60 лет СССР, д. 56, 809525",2004-07-06,AB-,Лобанов,Метеоролог,eremepanfilov@rambler.ru,Зуева Октябрина Тарасовна,+7 072 970 9670,"к. Курчатов, ул. Ульянова, д. 07, 008838",F,140954055367,zhukovladislav,"['http://www.ao.ru/', 'http://www.rao.net/', 'https://rao.com/']"
458,"клх Усть-Кулом, ул. Линейная, д. 07, 758005",2009-11-18,0-,АО «Кошелев-Казаков»,Химик,natan1984nina_1985@hotmail.com,Копылова Анна Александровна,+7 900 117 36 73,"клх Луга, ул. Физкультурная, д. 06, 206457",F,729432739722,titovporfiri,['http://gurev.org/']
459,"г. Каменномостский, ул. Красногвардейская, д. 52, 187789",1995-02-21,B+,АО «Некрасова Лапин»,Садовник,judinaevdokija@mail.ru,Фомичева Вера Ждановна,+7 (241) 036-70-41,"клх Крымск, ул. Лесозаводская, д. 83, 908763",F,277645144650,djachkovizot,"['https://www.npo.ru/', 'https://www.rao.com/']"
460,"с. Радужный, ул. Серафимовича, д. 69, 481148",2000-05-13,B+,НПО «Кулаков Русакова»,Таксист,sisoevavarvara@yandex.ru,Шарапова Александра Анатольевна,+7 (169) 097-2308,"с. Мыс Шмидта, ул. Сосновая, д. 07, 453739",F,271834631734,frolovaemilija,"['http://birjukova.info/', 'https://www.nikolaeva.org/']"
461,"к. Черняховск, ул. 50 лет Победы, д. 39, 929215",1993-10-01,A-,"РАО «Ситникова, Захарова и Прохоров»",Холодильщик,korolevostap@mail.ru,Никифорова Дарья Михайловна,+7 906 899 83 09,"г. Солнечногорск, ул. Некрасова, д. 50, 221006",F,562831072626,ivan1987juli_2008,"['http://www.npo.biz/', 'http://www.bespalova.com/', 'http://npo.org/', 'https://www.npo.info/']"
462,"с. Апрелевка, ул. Добролюбова, д. 33, 679870",1978-02-17,0+,"ИП «Лаврентьева, Петухов и Блохин»",Сборщик,judinmefodi@mail.ru,Носкова Таисия Кузьминична,+7 942 887 18 24,"с. Сосновый Бор, ул. Советов, д. 98, 186520",F,539602231013,ippolitkudrjavtsev,"['https://www.galkin.edu/', 'https://www.ao.com/', 'https://ip.ru/', 'https://ao.com/']"
463,"п. Истра, ул. Станционная, д. 85, 848395",2015-03-21,A-,"АО «Хохлова, Попов и Дорофеев»",Повар,valentin2012gorde_2012@yandex.ru,Кириллов Софон Юльевич,+7 (527) 011-4587,"д. Лодейное Поле, ул. Театральная, д. 18, 765853",M,599284526282,baranovladislav,"['http://www.kiseleva.biz/', 'http://www.ao.ru/', 'http://npo.net/', 'https://kuzmina.edu/']"
464,"клх Дубна, ул. Славянская, д. 93, 389741",1980-09-14,B+,АО «Яковлева Веселов»,Бортмеханик,tarasovvladimir@mail.ru,Игнатьев Кондрат Демьянович,+7 (632) 060-07-89,"с. Пенза, ул. Революции, д. 18, 755049",M,449864649988,naumshcherbakov,['http://www.zatseva.edu/']
465,"с. Черский, ул. Логовая, д. 70, 625888",2016-07-08,AB-,"РАО «Мамонтова, Прохоров и Цветкова»",Педиатр,ilintit@yahoo.com,Комиссаров Аким Фёдорович,+7 (903) 657-5652,"п. Бреды, ул. Ростовская, д. 18, 241223",M,945640756862,gedeon53,"['https://www.poljakova.org/', 'http://www.nikolaev.ru/', 'http://rao.com/', 'http://rao.info/']"
466,"клх Беломорск, ул. Циолковского, д. 26, 499249",2007-11-27,B-,НПО «Исаева Силин»,Продюсер,komarovapraskovja@yandex.ru,Медведева Клавдия Наумовна,+7 (597) 097-7227,"клх Орел, ул. Добролюбова, д. 81, 668586",F,370482098969,semenovstanimir,"['http://ao.biz/', 'http://www.rao.edu/', 'http://ao.com/', 'https://www.gorshkov.net/']"
467,"клх Усть-Кулом, ул. Ушакова, д. 32, 018482",1970-12-31,B-,"ИП «Сазонова, Новиков и Зиновьева»",Хореограф,stepanovaevdokija@yahoo.com,Морозова Нина Ждановна,+7 (732) 917-20-50,"п. Карачаевск, ул. Волгоградская, д. 79, 018228",F,227334543263,orestsokolov,"['http://www.ao.com/', 'http://npo.edu/', 'http://rao.com/']"
468,"клх Хужир, ул. Тамбовская, д. 53, 516624",2013-06-03,B+,РАО «Фомичева Медведев»,Физик,lukinatatjana@yahoo.com,Потапова Кира Эльдаровна,+7 (393) 964-0578,"г. Туруханск, ул. Пушкина, д. 12, 419594",F,987247369493,ostromirmiheev,"['https://www.ao.ru/', 'http://www.belozerov.edu/']"
469,"с. Долинск, ул. Базарная, д. 04, 799578",1989-02-27,0+,"АО «Сафонова, Шарапова и Васильева»",Биохимик,pavlovignati@yahoo.com,Гаврилов Дементий Теймуразович,+7 (402) 799-18-61,"к. Семлячики, ул. Жуковского, д. 89, 992300",M,219163218784,ibirjukova,"['http://www.agafonova.info/', 'https://rao.com/', 'http://www.rao.net/']"
470,"с. Онега, ул. Кошевого, д. 90, 947343",1985-12-22,0-,"РАО «Беляков, Кабанов и Гришин»",Врач функциональной диагностики,mitofan2012juli_1971@yandex.ru,Лобанов Валентин Ефремович,+7 699 597 03 62,"п. Томск, ул. Сибирская, д. 81, 095284",M,819643644362,nesterovaivanna,"['http://www.ip.edu/', 'https://nesterov.org/']"
471,"ст. Вендинга, ул. Шоссейная, д. 24, 150390",1988-04-08,B-,Михайлова,Гинеколог,melnikovaveronika@yahoo.com,Карпова Василиса Геннадьевна,+7 762 069 78 91,"д. Ярославль, ул. Гагарина, д. 20, 647070",F,489248418573,anikita_64,"['http://ip.edu/', 'https://npo.net/', 'http://www.ao.edu/']"
472,"к. Невинномысск, ул. Украинская, д. 57, 288821",1987-05-30,AB+,РАО «Кондратьев-Афанасьева»,Метранпаж,filimonmartinov@gmail.com,Соколов Авксентий Эдгарович,+7 150 479 2242,"с. Великий Устюг, ул. Слободская, д. 92, 953822",M,948220478133,zinaida_39,"['https://npo.org/', 'https://rao.ru/', 'http://www.sergeeva.com/']"
473,"с. Орел, ул. Папанина, д. 72, 392553",1977-06-19,B-,Родионов,Переводчик,adam2015samuil_2014@yandex.ru,Волкова Прасковья Кузьминична,+7 604 526 7717,"к. Балтийск, ул. Подгорная, д. 90, 648291",F,659201749831,ljubim1973moke_1973,"['https://www.npo.ru/', 'https://npo.net/', 'https://www.ip.edu/', 'http://rao.net/']"
474,"с. Златоуст, ул. Ильича, д. 02, 945840",1988-10-31,AB+,ИП «Федосеев-Белозеров»,Востоковед,stepanovaeleonora@hotmail.com,Ситникова Марфа Вениаминовна,+7 (627) 129-95-24,"г. Кемерово, ул. Майская, д. 00, 993785",F,502895265569,silanti1974valentin_2009,"['https://www.ao.net/', 'http://www.ip.org/', 'https://rao.ru/', 'http://www.ip.net/']"
475,"с. Фатеж, ул. Томская, д. 43, 196130",1983-06-14,AB+,АО «Ларионова Щукина»,Диетолог,nosovjaroslav@yandex.ru,Шарапова Лукия Федоровна,+7 (007) 917-1945,"клх Калач-на-Дону, ул. Короткая, д. 92, 396593",F,864108977600,zinovevbogdan,"['http://www.npo.ru/', 'http://www.ip.edu/', 'https://www.rao.biz/', 'https://rao.org/']"
476,"г. Кимры, ул. Трактовая, д. 08, 137840",1995-01-10,A+,Симонова,Кинорежиссер,gleb1994nikanor_1977@yahoo.com,Гусева Ия Васильевна,+7 (041) 091-6189,"г. Тула, ул. Смирнова, д. 28, 164429",F,734136218689,darja2013terenti_1999,['https://www.rao.net/']
477,"ст. Хасан, ул. Пирогова, д. 00, 958654",2012-10-04,A-,ИП «Моисеева-Захаров»,Проректор,ermil_67@rambler.ru,Матвеев Карп Елисеевич,+7 260 893 6516,"п. Светлогорск (Калин.), ул. Коллективная, д. 16, 132498",M,142382732157,evstafi2002karp_1991,"['http://www.npo.ru/', 'http://www.npo.org/']"
478,"ст. Таштагол, ул. Волочаевская, д. 50, 325213",1976-11-12,A-,"ИП «Меркушева, Никифорова и Баранов»",Монтажник,fadegerasimov@yahoo.com,Тимофеев Глеб Давыдович,+7 596 772 44 06,"ст. Арзамас, ул. Московская, д. 63, 074943",M,567633983245,radovan2002zosima_1986,"['http://konstantinova.ru/', 'https://www.ip.ru/', 'https://www.rao.com/', 'https://www.npo.edu/']"
479,"клх Бологое, ул. Железнодорожная, д. 07, 165459",2010-08-28,B-,РАО «Кузьмина-Сергеева»,Топограф,lukija1975iraida_1986@yahoo.com,Назарова Варвара Аркадьевна,+7 (967) 531-63-25,"к. Старая Русса, ул. Машиностроителей, д. 23, 171603",F,391464471633,bazhen_78,"['http://rao.biz/', 'http://npo.edu/', 'http://www.potapova.com/']"
480,"клх Волхов, ул. Тельмана, д. 73, 606798",1973-01-12,A-,Константинова,Радиотелефонист,varvara_67@gmail.com,Дементьев Ипполит Бенедиктович,+7 695 898 31 80,"ст. Нарткала, ул. Сахалинская, д. 28, 550858",M,121203907040,shilovvitali,['http://www.npo.org/']
481,"с. Гремячинск (Перм.), ул. Радужная, д. 93, 481221",1986-03-26,0+,РАО «Селезнев Герасимова»,Психиатр,blinovkarp@rambler.ru,Евдокимов Изяслав Давидович,+7 320 754 40 88,"к. Суздаль, ул. Родниковая, д. 48, 348926",M,451629861850,aleksandrovrjurik,['https://www.sitnikova.edu/']
482,"д. Сергиев Посад, ул. Специалистов, д. 48, 040664",1994-08-23,B+,РАО «Миронова»,Инфекционист,kzatsev@hotmail.com,Корнилов Геннадий Бориславович,+7 556 359 9889,"п. Чусовой, ул. Вокзальная, д. 21, 610221",M,624182151019,tretjakovmaksim,"['http://rao.org/', 'https://www.rao.net/']"
483,"клх Дубна, ул. Высоковольтная, д. 82, 512903",1978-06-05,0+,Блохина,Дипломат,januarimolchanov@gmail.com,Рогова Оксана Семеновна,+7 (842) 553-73-49,"с. Бугуруслан, ул. Инженерная, д. 95, 257884",F,472066515657,denis_12,"['https://npo.edu/', 'http://titov.org/', 'http://www.nikonova.net/', 'https://www.ao.net/']"
484,"п. Усть-Илимск, ул. Центральная, д. 43, 038972",2000-04-02,A+,"АО «Смирнова, Данилова и Гурьев»",Фельдшер,vasilevavasilisa@rambler.ru,Тарасова Евфросиния Геннадьевна,+7 (799) 146-4274,"клх Городовиковск, ул. К.Маркса, д. 47, 566048",F,528483480808,timofeevosip,"['http://www.sidorov.edu/', 'https://rao.org/', 'https://www.sharov.biz/', 'https://ao.biz/']"
485,"д. Миллерово, ул. Братская, д. 35, 673958",1994-09-16,B+,Васильев,Дипломат,knjazevaevfrosinija@rambler.ru,Громова Светлана Егоровны,+7 (424) 702-13-80,"с. Тында, ул. Тукая, д. 36, 878333",F,154255894840,rozhkovereme,"['https://isakova.info/', 'https://www.rao.edu/']"
486,"с. Холмск, ул. Подлесная, д. 52, 647418",1989-11-14,0+,ИП «Дьячков Воробьева»,Нефролог,bsimonova@gmail.com,Зимин Стоян Теймуразович,+7 (629) 620-5944,"клх Новая Игирма, ул. Школьная, д. 23, 655700",M,888666434061,kalashnikovnikodim,"['http://npo.edu/', 'https://www.npo.org/']"
487,"с. Губкинский, ул. Заливная, д. 96, 475373",2015-05-25,A+,"ИП «Сафонова, Евдокимова и Одинцова»",Промышленный альпинист,mechislav51@gmail.com,Федорова Полина Александровна,+7 874 098 79 37,"с. Истра, ул. Транспортная, д. 20, 070912",F,679670671782,valerjannosov,"['https://ao.org/', 'https://www.npo.org/', 'http://rao.edu/', 'https://www.rao.org/']"
488,"п. Приозерск, ул. Степная, д. 35, 785322",1972-07-29,A+,НПО «Дмитриева-Григорьев»,Терапевт,kirillovaekaterina@hotmail.com,Макарова Юлия Артемовна,+7 165 835 2345,"клх Сортавала, ул. Кирпичная, д. 94, 910150",F,583901966449,kimgordeev,"['http://www.fedotov.net/', 'https://npo.info/']"
489,"клх Гдов, ул. Степана Разина, д. 69, 843386",2012-10-11,B-,РАО «Елисеева Давыдов»,Диджей,averjan98@yahoo.com,Семенова Галина Альбертовна,+7 (444) 601-1566,"ст. Углегорск, ул. Ульянова, д. 13, 384874",F,426398316528,nazarovfoka,"['https://ao.net/', 'http://npo.net/', 'https://petrov.net/', 'http://kozlov.net/']"
490,"с. Ербогачен, ул. Высоковольтная, д. 97, 665443",1996-12-19,A-,"НПО «Белоусов, Богданов и Галкина»",Инженер-механик,valentinsemenov@hotmail.com,Сафонов Милий Давыдович,+7 398 140 15 01,"с. Северо-Курильск, ул. Тихая, д. 83, 090081",M,566871807502,ihohlov,"['https://npo.net/', 'http://www.ip.ru/', 'http://ao.edu/']"
491,"с. Екатеринбург, ул. Водопроводная, д. 27, 108564",2008-10-01,0-,АО «Павлова Чернов»,Переводчик,kulaginasofija@yandex.ru,Ларионов Давыд Ерофеевич,+7 339 188 55 98,"д. Тавда, ул. Красноярская, д. 57, 751039",M,112879565430,martinovsokrat,"['https://rao.ru/', 'http://rao.biz/', 'http://www.osipova.biz/', 'http://www.rao.com/']"
492,"ст. Приозерск, ул. Тепличная, д. 84, 816340",1990-08-29,0-,ИП «Стрелкова Большакова»,Флорист,demjan38@mail.ru,Лазарева Полина Харитоновна,+7 395 510 9876,"п. Белгород, ул. Герцена, д. 31, 710603",F,217713111859,davidovsila,['https://ao.biz/']
493,"д. Тосно, ул. Льва Толстого, д. 19, 372196",2015-03-14,AB+,"РАО «Самойлов, Журавлев и Ситников»",Биохимик,mjasnikovasvetlana@yandex.ru,Филатов Карп Арсеньевич,+7 (748) 532-8929,"п. Обнинск, ул. Верхняя, д. 44, 109662",M,293203721516,hgromova,"['https://www.ip.info/', 'https://ao.net/']"
494,"к. Глазов, ул. Карбышева, д. 12, 155376",1981-10-01,B+,"ИП «Полякова, Кудрявцев и Савина»",Снайпер,shashkovlavrenti@mail.ru,Князева Анастасия Ильинична,+7 (723) 933-88-69,"п. Елатьма, ул. Морозова, д. 88, 446461",F,567696432541,teterinveniamin,['https://www.fedoseeva.info/']
495,"г. Терней, ул. Выгонная, д. 35, 976405",1982-06-10,A-,РАО «Моисеев Белозерова»,Декоратор,popovfade@rambler.ru,Носова Анна Аркадьевна,+7 163 350 07 78,"клх Объячево, ул. Кубанская, д. 17, 271046",F,462309606070,romanovaangelina,"['https://ao.edu/', 'http://ip.edu/']"
496,"д. Каргополь, ул. Войкова, д. 27, 240673",2000-02-21,AB+,ИП «Устинова»,Табаковод,silvestr53@rambler.ru,Большаков Илья Геннадиевич,+7 (346) 073-97-14,"клх Кунгур, ул. Монтажников, д. 58, 006953",M,512176032125,aksenovselivan,"['http://ip.edu/', 'http://www.npo.edu/', 'https://npo.ru/', 'http://koshelev.info/']"
497,"г. Гагарин, ул. Амурская, д. 10, 769117",1979-09-06,B+,Фокина,Экспедитор на дальних поездках,krilovavalerija@rambler.ru,Зиновьева Ирина Егоровна,+7 474 557 23 07,"ст. Бузулук, ул. Тепличная, д. 47, 880066",F,381862443176,mihe03,['http://ip.net/']
498,"г. Зеленогорск (Ленин.), ул. Линейная, д. 56, 861596",1991-08-03,B-,НПО «Ситников Дементьева»,Физиотерапевт,vasilisa12@mail.ru,Панов Вячеслав Демидович,+7 984 608 1505,"клх Борзя, ул. Черемуховая, д. 02, 970984",M,360349815530,martin73,"['https://fomichev.org/', 'https://www.ip.net/', 'https://npo.com/', 'http://www.rao.biz/']"
499,"д. Муравленко, ул. Красина, д. 25, 254813",2004-01-20,A-,АО «Мельников Власова»,Сценарист,emeljanovljubosmisl@hotmail.com,Комиссарова Регина Федоровна,+7 043 987 8028,"д. Нягань, ул. Волгоградская, д. 01, 258685",F,782337853272,raisa_01,"['https://matveeva.edu/', 'https://www.odintsova.net/', 'https://ao.com/', 'https://ao.edu/']"
500,"г. Кисловодск, ул. Коллективная, д. 08, 234732",1996-12-10,B+,Владимиров,Инженер-конструктор,dorofefedorov@gmail.com,Белова Евдокия Владимировна,+7 (492) 232-91-10,"клх Сеймчан, ул. Чернышевского, д. 23, 477297",F,803350067964,matve25,"['http://www.ip.edu/', 'http://ip.net/', 'https://www.ao.ru/', 'https://www.rao.net/']"
501,"ст. Хасан, ул. Тамбовская, д. 60, 002595",1977-04-07,B-,АО «Савин Комарова»,Слесарь,narkis24@mail.ru,Костин Агап Арсенович,+7 (331) 441-1898,"ст. Октябрьское (Челяб.), ул. Донская, д. 67, 051290",M,670200732519,kirill1988ruben_2005,"['http://www.dorofeeva.biz/', 'https://www.npo.ru/', 'http://www.ao.edu/', 'https://ip.net/']"
502,"г. Чокурдах, ул. Сельская, д. 68, 051116",1994-11-15,AB+,АО «Котова-Павлов»,Эксперт-криминалист,matveevvladimir@yandex.ru,Гаврилова Жанна Федоровна,+7 (873) 800-7270,"клх Саратов, ул. Комсомольская, д. 23, 932378",F,444833276021,vlazarev,"['http://www.ao.ru/', 'http://www.ip.ru/', 'https://www.ao.edu/']"
503,"д. Великий Устюг, ул. Владимирская, д. 37, 833324",2015-01-25,A-,АО «Степанова-Захаров»,Каскадёр,larisa2013spartak_2003@yahoo.com,Игнатьева Людмила Ивановна,+7 (771) 098-02-42,"к. Нерчинск, ул. Щетинкина, д. 46, 985913",F,142492649223,iraklimamontov,"['http://orehova.biz/', 'https://www.davidov.org/']"
504,"к. Волхов, ул. Степная, д. 36, 083743",2015-06-17,A-,АО «Кулаков Сафонов»,Моторист,cnesterov@hotmail.com,Капустина Ульяна Харитоновна,+7 993 174 5783,"клх Усть-Кулом, ул. Марта 8, д. 87, 881777",F,624870073521,stanislavgerasimov,"['https://lihacheva.org/', 'http://rao.biz/', 'http://www.rao.net/']"
505,"с. Пятигорск, ул. Тельмана, д. 95, 494492",1975-11-16,0-,ИП «Владимирова-Веселова»,Механик-Водитель,vasili_38@hotmail.com,Тетерин Евграф Евсеевич,+7 399 316 3835,"к. Сортавала, ул. Западная, д. 09, 963407",M,576767184191,bojan09,"['http://rao.org/', 'http://rao.com/', 'http://ip.biz/']"
506,"клх Североморск, ул. Ушакова, д. 01, 906924",2007-09-25,0-,НПО «Николаев»,Зоолог,jakushevkir@yahoo.com,Дмитриев Нестор Бориславич,+7 (474) 195-01-92,"д. Краснодар, ул. Чехова, д. 32, 734907",M,136781778946,harlampi35,"['http://www.suvorov.net/', 'http://ip.info/', 'https://www.rao.biz/']"
507,"с. Калачинск, ул. Кошевого, д. 10, 119055",2016-08-30,A-,"НПО «Романов, Колобов и Прохорова»",Фтизиатр,filimon_24@mail.ru,Князев Касьян Арсеньевич,+7 (686) 642-3239,"к. Славгород, ул. Транспортная, д. 36, 453056",M,182681861954,kondrati2014danila_1983,['http://www.ip.info/']
508,"к. Яр-Сале, ул. Космонавтов, д. 94, 103223",1971-01-02,A-,АО «Ефимов-Пахомова»,Радиотелефонист,klavdija44@mail.ru,Блинова Оксана Леоновна,+7 134 240 4924,"ст. Набережные Челны, ул. Парижской Коммуны, д. 39, 605048",F,310968049251,gerasimovagge,"['http://ip.biz/', 'https://www.molchanova.biz/', 'https://www.ao.edu/', 'https://ip.biz/']"
509,"к. Байкальск, ул. Культуры, д. 73, 602962",1999-02-18,AB-,НПО «Рожкова»,Мастер педикюра,raisa36@mail.ru,Шашков Спиридон Федотович,+7 117 834 9137,"к. Лабинск, ул. Кузнецова, д. 98, 215226",M,123850498142,kovalevmilen,"['http://www.ao.org/', 'http://ao.info/', 'https://muraveva.org/']"
510,"г. Благовещенск (Амур.), ул. Вишневая, д. 15, 429836",1977-10-08,A+,АО «Гаврилов»,Астрофизик,savinsila@hotmail.com,Буров Виталий Валентинович,+7 (764) 688-05-58,"к. Оха, ул. Раздольная, д. 57, 224811",M,420184630697,gennadi_79,"['https://www.npo.edu/', 'http://rao.info/', 'https://ignatova.info/', 'https://www.rao.com/']"
511,"д. Холмогоры, ул. Авиационная, д. 84, 003576",1990-08-19,A+,Фомин,Технолог,aleksegolubev@gmail.com,Горбачев Леон Матвеевич,+7 (373) 259-91-64,"д. Карабулак, ул. Леваневского, д. 72, 512624",M,123447320266,ermakovasvetlana,"['http://www.npo.ru/', 'https://rao.org/']"
512,"п. Руза, ул. Клубная, д. 97, 197971",1998-04-01,0+,НПО «Мясникова Щербаков»,Агроном-почвовед,veronika1972ilarion_2017@gmail.com,Евсеева Анна Вениаминовна,+7 113 201 25 52,"клх Киренск, ул. Мелиоративная, д. 25, 609264",F,930077282867,qromanov,"['http://nikolaeva.com/', 'http://www.belozerova.org/']"
513,"к. Шали, ул. Короленко, д. 07, 970025",1982-06-15,0+,"НПО «Сергеева, Филиппов и Казакова»",Танкист,david56@mail.ru,Сорокин Вадим Матвеевич,+7 (801) 877-7563,"п. Губкинский, ул. Центральная, д. 56, 475582",M,622232472793,mjasnikovevdokim,"['http://ao.com/', 'https://www.ao.ru/', 'https://www.ip.biz/']"
514,"д. Черкесск, ул. Р.Люксембург, д. 81, 898894",1977-12-04,A-,Дьячков,Связист,kbragin@hotmail.com,Гурьева Иванна Оскаровна,+7 (466) 636-2334,"г. Талдом, ул. Киевская, д. 41, 475059",F,201026019387,kuzmazinovev,['http://npo.org/']
515,"п. Горячинск, ул. Вольная, д. 62, 602556",1985-03-24,A-,НПО «Симонова-Гришина»,Оператор кино и телевидения,timur1978afanasi_1974@yandex.ru,Гришина Лукия Богдановна,+7 (692) 407-0490,"ст. Балашиха, ул. Авиационная, д. 15, 286135",F,650901263559,wshilov,['https://www.ip.com/']
516,"ст. Баксан, ул. Минская, д. 43, 527314",2017-07-13,AB+,НПО «Блинов Кириллов»,Борт-механик,xmoiseev@gmail.com,Самсонова Антонина Феликсовна,+7 015 218 15 42,"п. Ульяновск, ул. Победа, д. 35, 723086",F,350225268505,bavdeeva,"['http://www.ao.biz/', 'http://www.mihalov.biz/', 'https://www.npo.biz/']"
517,"к. Кырен, ул. Речная, д. 65, 199708",2016-04-22,AB+,ИП «Романова-Харитонова»,Эфферентолог,komarovaalina@gmail.com,Абрамов Евграф Ааронович,+7 376 995 1285,"д. Пушкинские Горы, ул. 30 лет Победы, д. 30, 479523",M,897078014394,shirjaevruslan,"['https://ao.org/', 'http://ao.info/', 'https://novikova.com/']"
518,"п. Солнечногорск, ул. Советской Армии, д. 91, 506083",1980-02-08,0-,АО «Кириллов Евдокимова»,Орнитолог,radovan2014klavdi_1990@yahoo.com,Юдин Илья Эдуардович,+7 706 397 9799,"клх Кыштым, ул. Монтажников, д. 59, 703032",M,765520431407,petrovdanila,"['http://www.chernov.biz/', 'https://ao.biz/']"
519,"ст. Углич, ул. Островского, д. 10, 914057",1973-06-30,AB+,РАО «Муравьев-Волкова»,Стрелочник,zaharovdemjan@yandex.ru,Журавлев Дорофей Марсович,+7 684 316 06 83,"г. Сосновый Бор, ул. Терешковой, д. 01, 200977",M,951193909835,zikovjakov,['http://suhanov.com/']
520,"с. Устюжна, ул. 60 лет Октября, д. 45, 560723",1972-01-05,B+,"РАО «Галкин, Тарасов и Быков»",Специалист по клеточным технологиям,nazar_75@mail.ru,Филиппова Маргарита Ниловна,+7 501 883 24 87,"с. Руза, ул. Ударная, д. 60, 132333",F,660308097798,ermakovamaja,"['http://ip.edu/', 'http://odintsov.com/']"
521,"клх Томари, ул. Грибоедова, д. 65, 317910",1979-01-20,AB-,ИП «Жданова-Наумова»,Гастроэнтеролог,vlasovaevpraksija@yahoo.com,Вишнякова Лариса Ильинична,+7 058 844 87 92,"клх Кызыл, ул. Коминтерна, д. 80, 456308",F,963439232950,kazimir2008moke_1989,"['http://www.rao.ru/', 'http://www.npo.org/', 'https://www.rao.ru/']"
522,"ст. Красноярск, ул. Рязанская, д. 95, 658676",2014-02-16,A-,ИП «Субботина-Григорьев»,Плотник,alla16@gmail.com,г-н. Буров Сидор Давидович,+7 (214) 039-8608,"клх Кировск (Мурм.), ул. Дорожников, д. 08, 560074",M,406332728158,eduardsazonov,"['https://ip.net/', 'http://kulagina.com/', 'https://ignatev.info/', 'http://ip.ru/']"
523,"д. Мураши, ул. Смоленская, д. 71, 074760",2012-12-15,0+,АО «Осипова-Гуляева»,Астроном,yorehov@yandex.ru,Кулагина Валентина Геннадиевна,+7 (953) 656-5368,"г. Юрюзань, ул. Фадеева, д. 76, 438732",F,318874052473,moise_29,"['https://www.ip.info/', 'http://fokina.org/']"
524,"с. Наро-Фоминск, ул. Владимирская, д. 78, 013874",2006-07-15,A-,"ИП «Горшков, Ефимов и Фролова»",Психолог,avksenti1975valeri_1991@rambler.ru,Шарапова Нонна Дмитриевна,+7 (007) 011-8101,"п. Ярославль, ул. Володарского, д. 42, 756997",F,008016996985,sharovapelageja,"['http://ao.ru/', 'http://www.ao.org/', 'http://ip.org/', 'http://orlova.net/']"
525,"ст. Азов (Рост.), ул. Мусы Джалиля, д. 48, 465305",1992-08-19,B-,Волков,Астрохимик,aristarhblohin@gmail.com,Фомин Демид Фадеевич,+7 (290) 149-27-34,"клх Кущевская, ул. Ермака, д. 82, 904388",M,953877179658,kopilovavarvara,"['https://www.orlova.edu/', 'https://www.ao.edu/', 'https://www.rao.info/']"
526,"г. Зарайск, ул. Промышленная, д. 19, 416147",1980-06-09,0-,АО «Быков-Николаева»,Литейщик,moiseevferapont@yandex.ru,Калинин Еремей Гордеевич,+7 416 877 11 11,"к. Домбай, ул. Карбышева, д. 40, 633475",M,679866734165,astrelkova,"['https://www.rao.org/', 'http://www.npo.com/', 'https://www.npo.info/']"
527,"клх Радужный, ул. Ключевая, д. 82, 594961",1984-03-01,B+,Силина,Портной,evlampikostin@gmail.com,Блохин Руслан Ефстафьевич,+7 (551) 255-2382,"к. Камышин, ул. Рабочая, д. 12, 928585",M,626785651494,avtonomorlov,"['https://ao.org/', 'https://www.ip.com/', 'http://www.ao.info/', 'http://www.nazarov.net/']"
528,"д. Ачхой Мартан, ул. Новая, д. 51, 181806",1978-12-21,A-,Федотов,Нефролог,pgorshkova@yandex.ru,Чернов Никита Валерьянович,+7 670 349 18 52,"с. Североуральск, ул. Чернышевского, д. 34, 818729",M,878772112160,anisimtarasov,"['https://yudin.biz/', 'https://www.rao.ru/']"
529,"п. Прохладный, ул. Дорожная, д. 14, 317479",1980-02-27,AB-,Андреева,Эпидемиолог,ljudmila05@mail.ru,Николаев Натан Владиславович,+7 869 807 87 26,"г. Батайск, ул. Надежды, д. 35, 039397",M,774084338810,varvara_63,"['https://npo.ru/', 'http://npo.edu/', 'https://www.npo.info/', 'http://ip.edu/']"
530,"клх Серафимович, ул. Ленинградская, д. 64, 482421",1993-03-20,A-,Кулагина,Инженер-лесотехник,fedosi_11@gmail.com,Ковалев Ладимир Глебович,+7 (858) 652-0829,"п. Тында, ул. Глинки, д. 72, 416342",M,943685279743,ekovaleva,"['http://www.ao.org/', 'http://ip.net/', 'https://npo.edu/']"
531,"п. Верхоянск, ул. Коммунальная, д. 85, 206551",1970-04-16,0-,АО «Абрамов»,Инженер,pankrat_80@yandex.ru,Пахомов Потап Зиновьевич,+7 (000) 377-35-28,"с. Чикола, ул. Буденного, д. 78, 466036",M,446770701754,lukjan2007viktorija_2011,"['http://ip.org/', 'https://www.ip.info/']"
532,"с. Самара, ул. Флотская, д. 67, 484686",1979-12-21,0+,РАО «Дьячкова»,Юрист,nikodimzimin@mail.ru,Комиссаров Никанор Федосеевич,+7 398 912 11 43,"ст. Истра, ул. Кооперативная, д. 87, 806215",M,942654670351,andreeveduard,"['https://ip.ru/', 'http://www.kulikov.info/']"
533,"к. Алдан, ул. Шолохова, д. 69, 303304",2010-01-01,0-,НПО «Власова-Муравьева»,Палеонтолог,nestorlavrentev@gmail.com,Шестаков Онуфрий Бориславович,+7 (099) 104-03-90,"с. Шенкурск, ул. Просторная, д. 82, 534026",M,854749098790,komissarovaemilija,"['http://rao.biz/', 'http://npo.biz/']"
534,"с. Тура, ул. Ударная, д. 34, 081663",1979-02-28,0-,НПО «Кошелев Ситников»,Распиловщик,bogdanovasvetlana@hotmail.com,Журавлева Лариса Леоновна,+7 (122) 004-6957,"клх Ардон, ул. Никитина, д. 40, 975250",F,758783881358,ruben80,"['https://www.tihonov.biz/', 'https://ao.ru/', 'http://npo.org/', 'http://www.subbotina.net/']"
535,"к. Колпашево, ул. Большевистская, д. 55, 773389",2010-01-15,A+,Семенов,Радист,veselovgrigori@hotmail.com,Кошелев Валерьян Игнатьевич,+7 (715) 263-26-65,"с. Петухово, ул. Щорса, д. 39, 007569",M,696353063329,hohlovdobromisl,"['https://www.npo.edu/', 'http://www.ip.edu/', 'http://npo.org/', 'http://www.npo.info/']"
536,"г. Аргаяш, ул. Путевая, д. 56, 843569",2000-08-18,AB+,"АО «Русаков, Белова и Григорьева»",Драпировщик,nikon05@gmail.com,Ефремова Фаина Мироновна,+7 914 639 47 53,"д. Поронайск, ул. Уральская, д. 85, 044957",F,007208282894,mihe1974irina_1989,"['http://npo.ru/', 'https://www.npo.org/']"
537,"г. Чулым, ул. Трудовая, д. 36, 482897",2011-04-22,0+,Белов,Пластический хирург,lavrentevkir@mail.ru,Шилов Нестор Анисимович,+7 (511) 492-9425,"д. Дивногорск, ул. Кузнечная, д. 57, 321492",M,396201388364,afanasevauljana,"['https://rao.ru/', 'http://www.belousova.biz/']"
538,"ст. Бавлы, ул. О.Кошевого, д. 40, 094812",1994-08-31,0-,ИП «Кононов-Чернов»,Гомеопат,kazimir_23@hotmail.com,Коновалов Ладислав Даниилович,+7 (421) 528-7804,"д. Ростов-на-Дону, ул. Чапаева, д. 24, 637479",M,743531185667,litkinaristarh,"['http://www.belousov.edu/', 'https://ip.com/']"
539,"ст. Серпухов, ул. Астраханская, д. 37, 394671",2011-09-11,AB-,ИП «Максимов Власов»,Кардиохирург,ustinfadeev@hotmail.com,Данилов Кузьма Артурович,+7 612 066 8812,"ст. Бирск, ул. Урожайная, д. 88, 937532",M,623007542023,zhdanovandron,"['https://www.kudrjashova.ru/', 'http://www.sisoeva.net/']"
540,"с. Ребриха, ул. Подгорная, д. 42, 122789",1984-12-31,A-,АО «Никитина-Кондратьев»,Уролог,natan_43@mail.ru,Рябова Клавдия Юрьевна,+7 (271) 065-05-79,"ст. Санкт-Петербург, ул. Ленская, д. 53, 890434",F,860912999422,evstigne_85,"['https://ao.ru/', 'https://www.rao.edu/', 'http://ip.net/', 'https://bespalova.biz/']"
541,"к. Мураши, ул. Киевская, д. 92, 982607",1993-03-25,B+,Ефремов,Гранатомётчик,uosipov@yahoo.com,Ермакова Алина Егоровны,+7 106 333 12 97,"с. Туапсе, ул. Марта 8, д. 44, 499646",F,076389015437,fedotovaantonina,"['http://www.rao.com/', 'http://www.npo.edu/']"
542,"с. Красноселькуп, ул. Морская, д. 56, 970420",2017-02-05,B+,АО «Козлов-Ермаков»,Начальник штаба,fedorovaalina@rambler.ru,Марков Федор Венедиктович,+7 (512) 635-58-05,"ст. Оймякон, ул. Кутузова, д. 57, 293490",M,580320027901,juvenali1984vasilisa_1988,"['http://vladimirova.ru/', 'https://npo.com/', 'https://rao.org/', 'http://ao.edu/']"
543,"д. Владивосток, ул. Городская, д. 13, 023741",2000-06-06,0+,Орехов,Оператор вооружения,trofimovandron@mail.ru,Лебедева Акулина Тарасовна,+7 859 138 7001,"д. Луховицы, ул. Челюскинцев, д. 09, 777430",F,430315630584,ogorbacheva,"['https://www.ao.info/', 'https://rao.info/', 'http://www.ao.ru/']"
544,"п. Батайск, ул. Монтажников, д. 34, 450112",2017-09-21,A-,АО «Одинцова»,Таксист,zrogova@mail.ru,Лукина Антонина Олеговна,+7 (068) 576-95-64,"д. Урус-Мартан, ул. Одесская, д. 32, 144618",F,998330529969,nekrasovkuzma,"['https://www.ip.org/', 'http://www.npo.biz/', 'http://www.ip.biz/']"
545,"г. Сковородино, ул. Родниковая, д. 85, 332016",1993-12-09,B+,Герасимов,Гирудотерапевт,fade71@hotmail.com,Новиков Демид Измаилович,+7 (714) 260-0469,"ст. Нефтеюганск, ул. Сахалинская, д. 33, 365444",M,111642298409,haritonovaevgenija,"['http://www.ip.info/', 'http://ip.ru/', 'https://npo.ru/']"
546,"к. Нижний Новгород, ул. Коминтерна, д. 99, 744690",2004-08-25,B+,"АО «Гришин, Рябов и Дорофеев»",Авиационный техник,lapinvladislav@gmail.com,Карпов Станимир Устинович,+7 (929) 545-7136,"к. Краснотурьинск, ул. Одесская, д. 77, 723500",M,953493828262,ygusev,['https://ao.info/']
547,"п. Сальск, ул. 60 лет СССР, д. 07, 545735",1983-12-02,B-,НПО «Лыткин Ковалев»,Гомеопат,hribakova@gmail.com,тов. Карпова Ангелина Ждановна,+7 259 753 08 50,"ст. Старая Русса, ул. Первомайская, д. 54, 148509",F,164655310625,juvenali2012evgeni_1970,"['https://www.drozdov.info/', 'https://www.rao.com/', 'http://www.rao.info/', 'http://npo.org/']"
548,"п. Северодвинск, ул. Энергетическая, д. 11, 369493",1984-04-23,A+,ИП «Сидорова Гаврилова»,Эндоскопист,qsitnikova@rambler.ru,Беспалова Фёкла Андреевна,+7 (504) 958-5702,"г. Новокузнецк, ул. Ключевая, д. 21, 708616",F,009789469989,glafira46,"['http://npo.info/', 'http://www.kondratev.info/', 'https://www.rao.edu/']"
549,"с. Серафимович, ул. Главная, д. 71, 626482",2009-07-08,0+,"АО «Егоров, Фомин и Константинов»",Ювелир,rbelousov@mail.ru,Григорьев Прохор Евсеевич,+7 (206) 859-30-69,"ст. Нерчинск, ул. Приозерная, д. 34, 646786",M,593183365187,foti07,"['http://ip.ru/', 'https://www.npo.org/']"
550,"п. Бийск, ул. Проезжая, д. 62, 427568",1973-09-18,B+,"РАО «Григорьев, Некрасова и Шестакова»",Радист,margarita76@hotmail.com,Чернов Иннокентий Игоревич,+7 231 034 39 98,"д. Усть-Ордынский, ул. 60 лет Октября, д. 60, 459220",M,545180391539,zaharovadarja,"['https://rao.com/', 'http://www.ao.org/', 'http://www.ip.edu/', 'https://ip.com/']"
551,"г. Междуреченский, ул. Рябиновая, д. 51, 978574",1978-08-27,A-,НПО «Назарова Кондратьев»,Лётчик,hohlovadarja@yahoo.com,Пономарева Кира Геннадьевна,+7 752 945 1478,"г. Кемерово, ул. 50 лет ВЛКСМ, д. 33, 910992",F,012220204909,stanimirmiheev,"['http://rao.biz/', 'https://ip.ru/']"
552,"клх Вендинга, ул. Выгонная, д. 17, 231675",2006-03-11,A+,АО «Шестакова Ковалева»,Юрист,mechislav_00@yahoo.com,Власов Родион Феоктистович,+7 851 373 4129,"г. Хасавюрт, ул. Мелиоративная, д. 85, 601442",M,510192282410,uvarovfoti,"['https://www.ao.info/', 'https://ao.net/']"
553,"г. Холмск, ул. Цветочная, д. 14, 666105",1976-02-04,B-,"НПО «Баранов, Сысоева и Горбачева»",Священнослужитель,trofimovsvjatopolk@hotmail.com,Бобылева Анна Леоновна,+7 (600) 151-6657,"д. Клин, ул. Целинная, д. 60, 952624",F,121576877351,ekozlov,"['http://ip.ru/', 'http://www.ip.net/', 'https://www.ip.biz/']"
554,"ст. Одинцово, ул. Элеваторная, д. 43, 748619",2017-04-05,B-,Галкин,Драпировщик,stanislav_64@rambler.ru,Юдин Болеслав Гертрудович,+7 150 912 00 05,"клх Тулпан, ул. Енисейская, д. 87, 974862",M,882133108518,golubevvissarion,"['http://blohina.ru/', 'https://www.rao.net/']"
555,"ст. Северобайкальск, ул. Жуковского, д. 47, 897077",2003-10-24,0+,РАО «Русакова Абрамов»,Программист,pestovadrian@mail.ru,Красильников Ким Матвеевич,+7 167 700 8094,"клх Мокшан, ул. Сибирская, д. 02, 089200",M,991739933341,emeljanovmilovan,"['https://rao.net/', 'https://rao.net/', 'https://www.rao.net/']"
556,"д. Шахты, ул. Кузнецкая, д. 82, 824996",2017-07-26,AB-,ИП «Романова Белякова»,Астрохимик,voronovavasilisa@rambler.ru,Лебедев Ипат Борисович,+7 159 058 85 94,"клх Черкесск, ул. Калинина, д. 80, 428118",M,205912547719,nikiforovamarfa,"['https://www.rao.edu/', 'https://www.rao.org/']"
557,"д. Дербент, ул. Революционная, д. 43, 996802",1972-01-15,A+,НПО «Крюков»,Пулемётчик,veronika10@yahoo.com,Сысоева Любовь Григорьевна,+7 409 970 3692,"ст. Липецк, ул. Нахимова, д. 19, 235640",F,821970665680,ladislav33,"['https://ip.com/', 'http://www.ao.net/', 'https://www.rao.com/', 'https://npo.net/']"
558,"п. Рубцовск, ул. Добролюбова, д. 52, 120971",1975-02-10,B-,АО «Козлов-Ларионов»,Киномеханик,davidovpantelemon@hotmail.com,тов. Исаков Сигизмунд Вилорович,+7 (574) 306-8041,"к. Каргополь, ул. 50 лет Победы, д. 12, 115596",M,782937197867,savelevagalina,"['https://www.ao.biz/', 'http://www.ip.net/']"
559,"клх Выборг, ул. Сенная, д. 00, 701113",1981-02-06,B+,"АО «Аксенова, Якушев и Дементьева»",Автоэлектрик,krasilnikovaglafira@mail.ru,Давыдов Георгий Еремеевич,+7 (820) 712-9341,"г. Губкин, ул. Седова, д. 59, 831473",M,274546980543,fokinmiroslav,"['https://ao.com/', 'http://rao.com/', 'https://npo.info/']"
560,"д. Кировск (Ленин.), ул. Студенческая, д. 61, 600804",1990-01-31,B+,РАО «Новикова-Сидоров»,Травматолог,volkovaangelina@yahoo.com,Калашникова Акулина Оскаровна,+7 316 331 4634,"к. Смирных, ул. Железнодорожная, д. 50, 040115",F,182922731888,taras1982venedikt_2016,"['https://www.npo.biz/', 'https://miheeva.ru/']"
561,"ст. Грозный, ул. Бульварная, д. 42, 084345",1998-02-28,A-,"АО «Соболев, Мясникова и Филиппова»",Пульмонолог,dementevalora@yahoo.com,Семенова Фаина Кирилловна,+7 242 254 05 07,"к. Карпинск, ул. Восточная, д. 33, 731292",F,339300664992,makar_49,['http://rao.biz/']
562,"д. Далматово, ул. Коминтерна, д. 91, 986601",1983-06-23,0+,Дорофеев,Литейщик,guljaevaksenija@hotmail.com,Гурьев Лазарь Герасимович,+7 (964) 974-92-82,"д. Ессентуки, ул. Буденного, д. 99, 556707",M,515985278109,aandreeva,"['http://www.ip.net/', 'http://www.gordeeva.org/', 'http://rao.ru/']"
563,"д. Объячево, ул. Крылова, д. 50, 917815",1999-10-30,0-,Капустин,Начальник склада,vitali_87@gmail.com,Костин Радислав Жоресович,+7 975 579 3093,"к. Балашов, ул. Камская, д. 91, 316999",M,139485406454,potapovmilan,['https://solovev.biz/']
564,"к. Дивногорск, ул. Прохладная, д. 75, 993489",1984-02-25,0-,Павлов,Снайпер,alla2011kazimir_1994@yahoo.com,Кузнецова Прасковья Феликсовна,+7 (152) 024-42-14,"к. Кырен, ул. Заовражная, д. 67, 896258",F,897216525788,wlavrenteva,"['http://www.rao.ru/', 'http://www.npo.info/']"
565,"п. Лазаревское, ул. Почтовая, д. 84, 043370",1986-01-23,B+,РАО «Осипов-Кошелева»,Кардиохирург,rsorokin@yahoo.com,Кириллов Дмитрий Ильич,+7 475 453 46 71,"с. Шатура, ул. Овражная, д. 81, 889612",M,226413807175,uzatseva,"['https://www.ip.edu/', 'https://ip.ru/', 'https://www.ao.info/', 'https://www.volkov.org/']"
566,"ст. Углегорск, ул. Тульская, д. 42, 856703",1977-01-22,A-,НПО «Князев Исаков»,Дерматолог,antoninkopilov@rambler.ru,Лапина Виктория Ивановна,+7 546 446 19 13,"д. Касимов, ул. Дальневосточная, д. 93, 670272",F,670196503388,dalekseev,"['https://www.ip.net/', 'http://ip.org/', 'http://www.ip.org/']"
567,"к. Петушки, ул. Бажова, д. 56, 119049",1975-09-18,B+,ИП «Чернов Хохлова»,Топограф,valerjanmedvedev@hotmail.com,Шубина Людмила Игоревна,+7 393 183 6904,"клх Светлогорск (Калин.), ул. Свободы, д. 45, 757252",F,407732567445,grigorevparamon,['https://www.ao.net/']
568,"п. Апшеронск, ул. Орджоникидзе, д. 86, 955692",1989-05-28,A+,АО «Зимина»,Андролог,uljan_27@yandex.ru,Хохлова Прасковья Кузминична,+7 (259) 859-0821,"к. Далматово, ул. Кленовая, д. 03, 761720",F,979842333574,nazarovinnokenti,"['https://npo.ru/', 'http://www.npo.edu/']"
569,"с. Кущевская, ул. Солнечная, д. 84, 970403",1973-07-15,AB+,"АО «Игнатова, Трофимова и Стрелков»",Плотник,sidorovmaksimiljan@rambler.ru,Соловьева Раиса Вадимовна,+7 (028) 975-2783,"ст. Ростов-на-Дону, ул. Блюхера, д. 37, 531565",F,462908776170,gennadi_21,"['http://ao.net/', 'http://npo.net/', 'http://ip.biz/', 'https://ip.info/']"
570,"г. Печора, ул. Есенина, д. 43, 367799",2008-02-10,A+,ИП «Новикова»,Табунщик,kalininfeliks@hotmail.com,Новикова Пелагея Игоревна,+7 923 284 2125,"клх Новокузнецк, ул. Новоселов, д. 37, 304144",F,036057127187,lobanovazoja,"['https://www.rao.ru/', 'http://zikova.info/', 'http://www.sorokina.com/', 'https://www.ip.net/']"
571,"д. Двинской, ул. Мельничная, д. 68, 600112",2001-03-25,B+,РАО «Прохоров»,Уборщик,korolevsilvestr@gmail.com,Харитонова Евпраксия Леонидовна,+7 (191) 141-93-94,"клх Колпашево, ул. Спартака, д. 14, 360979",F,660454009588,sdmitriev,"['http://rao.edu/', 'http://komissarov.com/', 'https://www.npo.info/']"
572,"с. Петухово, ул. Маяковского, д. 93, 000708",2007-03-03,A+,АО «Наумов Блохина»,Подводник,sidorovadarja@yandex.ru,Трофимов Будимир Марсович,+7 248 967 00 74,"д. Ангарск, ул. Балтийская, д. 86, 824138",M,934823595298,dzinovev,"['https://rao.edu/', 'https://npo.edu/', 'https://ao.net/', 'http://npo.org/']"
573,"г. Плесецк, ул. Коминтерна, д. 78, 837252",1972-01-16,B-,"НПО «Гущина, Павлов и Зыкова»",Администратор базы данных,avde1984venedikt_1978@rambler.ru,Ильин Эраст Юльевич,+7 206 555 46 35,"п. Кировск (Ленин.), ул. Дальняя, д. 07, 500112",M,108610147845,nikonovavarvara,"['http://rao.biz/', 'http://ao.org/']"
574,"клх Ноябрьск, ул. Труда, д. 37, 347702",1974-04-24,A+,ИП «Селиверстова»,Инженер-системотехник,ikirillov@yahoo.com,Попова Надежда Николаевна,+7 058 371 80 52,"ст. Кущевская, ул. Детская, д. 12, 012255",F,103025917923,valeri_24,"['https://npo.org/', 'http://bogdanov.ru/', 'http://www.ip.net/', 'http://www.npo.edu/']"
575,"д. Южно-Курильск, ул. Макарова, д. 60, 709240",2009-05-26,B-,ИП «Тарасова»,Токсиколог,rozhkovataisija@mail.ru,Сазонов Пров Харлампьевич,+7 575 584 41 86,"с. Канск, ул. Алтайская, д. 32, 422658",M,147226371485,nikandrterentev,['https://ip.biz/']
576,"клх Мостовской, ул. Космическая, д. 54, 041118",1972-08-26,AB-,АО «Ермаков Сафонова»,Юрисконсульт,lapinroman@yandex.ru,Фокина Клавдия Филипповна,+7 900 010 72 75,"клх Талдом, ул. Победа, д. 15, 291133",F,230484387222,anzhela_67,"['https://www.chernova.net/', 'http://www.npo.info/', 'http://www.nikitina.com/', 'http://ao.edu/']"
577,"клх Псебай, ул. Северная, д. 55, 442671",1974-10-12,B+,НПО «Никонов»,Заточник,nmironov@gmail.com,Исакова Таисия Болеславовна,+7 804 688 08 85,"г. Тутаев, ул. О.Кошевого, д. 28, 189347",F,802612810310,jakub_91,"['http://www.ao.ru/', 'http://www.vladimirova.edu/']"
578,"к. Клин, ул. Лазурная, д. 21, 749535",2004-10-27,B+,ИП «Игнатова-Русакова»,Психиатр,evgenija67@mail.ru,Блохина Анастасия Кирилловна,+7 460 479 5045,"ст. Каргополь, ул. Мусы Джалиля, д. 82, 652651",F,088480489408,sigizmund_79,['http://ao.edu/']
579,"клх Вендинга, ул. Весенняя, д. 77, 923171",2005-01-27,A+,"РАО «Фомичева, Яковлева и Меркушев»",Пластический хирург,ostromir2014longin_1979@mail.ru,тов. Гущина Анна Евгеньевна,+7 (102) 071-58-90,"п. Ноглики, ул. Высокая, д. 75, 535278",F,253747737928,orehovagalina,['http://npo.com/']
580,"к. Белоярский, ул. 9 Мая, д. 78, 735828",1991-02-06,0-,ИП «Егорова»,Промышленный альпинист,juri2012ivan_1973@mail.ru,Колобова Наина Петровна,+7 (046) 881-03-82,"п. Невельск, ул. Ветеранов, д. 64, 556918",F,784342127984,etimofeev,['http://www.ip.biz/']
581,"д. Славянск-на-Кубани, ул. Мичурина, д. 62, 558652",2002-04-22,AB-,Некрасов,Балерина,dzinovev@rambler.ru,Фадеева Вера Леоновна,+7 612 951 9954,"д. Армавир, ул. Ивановская, д. 27, 662816",F,082147900330,luka15,"['http://npo.info/', 'https://rao.ru/', 'https://rao.org/', 'http://ip.com/']"
582,"ст. Каменск-Шахтинский, ул. Ульянова, д. 30, 806228",1993-08-22,AB-,"ИП «Боброва, Попова и Филатов»",Хирург,feoktist_29@rambler.ru,Архипова Александра Руслановна,+7 (601) 623-9602,"г. Губкин, ул. Прудовая, д. 09, 663710",F,409058448005,artemevadarja,"['http://www.ip.biz/', 'http://www.nazarova.net/']"
583,"п. Усть-Илимск, ул. Тургенева, д. 17, 816003",2011-03-21,A+,Кошелев,Специалист по стрижке овец,matveevnarkis@rambler.ru,Исаков Георгий Димитриевич,+7 132 374 4286,"к. Катайск, ул. Энгельса, д. 83, 705473",M,535508544164,ershovvladlen,"['http://www.ip.edu/', 'https://ao.com/', 'http://www.denisov.ru/']"
584,"ст. Урай, ул. Транспортная, д. 10, 645963",2005-03-02,B-,ИП «Аксенов Турова»,Нарколог,ilinamos@yahoo.com,Голубев Рюрик Гавриилович,+7 132 427 76 03,"ст. Бреды, ул. Светлая, д. 96, 327217",M,805355949960,moiseevpahom,"['https://www.ip.com/', 'http://ip.org/']"
585,"к. Ульяновск, ул. Ручейная, д. 28, 833550",2001-08-11,AB-,"АО «Лаврентьева, Захарова и Харитонов»",Метранпаж,sorokinaagafja@mail.ru,Лыткина Антонина Матвеевна,+7 384 889 85 26,"г. Тамбей, ул. Гоголя, д. 13, 720956",F,306418596046,erastblohin,"['http://www.npo.edu/', 'http://www.rao.biz/']"
586,"с. Коломна, ул. Кузнецова, д. 34, 294708",1990-03-01,0-,РАО «Князев Алексеева»,Санитар,vorobevinnokenti@yahoo.com,Белозерова Евпраксия Ждановна,+7 (410) 930-67-89,"с. Печора, ул. Суворова, д. 51, 365025",F,197269986544,ckozlov,"['http://mihalov.info/', 'https://www.turova.info/', 'http://www.ao.net/', 'https://www.lukin.edu/']"
587,"к. Охотск, ул. 70 лет Октября, д. 93, 124061",1981-12-13,B+,РАО «Третьяков»,Кабельщик,feoktist29@gmail.com,Савельев Ратмир Георгиевич,+7 882 392 77 61,"клх Оленек, ул. Кошевого, д. 60, 577204",M,288969956089,tvorimir97,"['http://www.npo.com/', 'https://www.rao.org/']"
588,"с. Бронницы, ул. Монтажников, д. 77, 420587",2004-12-02,AB+,ИП «Савельев»,Мусорщик,zaharovaalina@yandex.ru,Бирюков Богдан Архипович,+7 188 735 3418,"клх Кизляр, ул. Степная, д. 13, 809827",M,251524813384,bronislavkarpov,"['http://ao.org/', 'https://ip.com/', 'http://www.ip.edu/', 'https://www.rao.biz/']"
589,"г. Ноябрьск, ул. Авиационная, д. 50, 974259",1990-01-30,A-,РАО «Казакова»,Декоратор,faina_67@rambler.ru,Доронина Феврония Эльдаровна,+7 082 959 2924,"п. Курганинск, ул. Заречная, д. 59, 708094",F,609668351383,lidija_67,"['http://www.rao.edu/', 'https://www.ao.com/', 'http://rao.edu/']"
590,"г. Южноуральск, ул. Смоленская, д. 06, 122842",1988-01-19,A+,Моисеев,Кондуктор,onufrikonovalov@yandex.ru,Журавлев Иларион Филиппович,+7 340 703 77 91,"к. Усть-Кулом, ул. Чернышевского, д. 05, 457642",M,914174330981,ippolit1970ustin_2001,"['http://www.rao.com/', 'https://ao.org/', 'https://rao.info/']"
591,"с. Старый Оскол, ул. Новоселов, д. 52, 734399",1998-10-25,AB-,"ИП «Григорьева, Николаев и Уварова»",Ботаник,evgrafarhipov@rambler.ru,Кононова Зоя Даниловна,+7 970 593 75 44,"к. Чебаркуль, ул. Ангарская, д. 09, 268249",F,475265027478,blinovaviktorija,['http://www.ip.ru/']
592,"к. Яр-Сале, ул. Зои Космодемьянской, д. 88, 210195",2001-04-26,A+,НПО «Степанов-Михеев»,Военно-полевой хирург,zsuvorov@rambler.ru,Орлова Ираида Руслановна,+7 (750) 835-65-89,"клх Ханты-Мансийск, ул. Смоленская, д. 05, 983343",F,512888219385,narkis_74,"['https://www.rao.com/', 'https://ao.ru/']"
593,"ст. Долинск, ул. Чайкиной, д. 63, 823643",2002-03-08,0-,АО «Лебедева»,Инженер-системотехник,miheevsila@gmail.com,Горшкова Фёкла Леонидовна,+7 (371) 452-6249,"клх Арзамас, ул. Тельмана, д. 07, 305164",F,643257842060,lihachevkuzma,"['https://ip.net/', 'https://www.rao.edu/', 'http://www.abramov.org/']"
594,"к. Ногинск (Моск.), ул. Азовская, д. 82, 508908",2009-08-03,A+,РАО «Евсеев Матвеев»,Химик-технолог,tribakov@mail.ru,Журавлев Викторин Арсеньевич,+7 (083) 643-9417,"с. Кежма, ул. Кольцова, д. 46, 255063",M,105716263533,osipbirjukov,"['http://rao.com/', 'https://rao.info/']"
595,"п. Когалым, ул. Крымская, д. 13, 078671",1989-12-01,A-,Дмитриев,Лоцман,kudrjavtsevaljubov@rambler.ru,Михайлов Азарий Захарьевич,+7 500 463 95 71,"с. Палана, ул. Уральская, д. 18, 263108",M,099213434190,denisovelise,['http://medvedev.ru/']
596,"п. Нефтекамск, ул. Жукова, д. 68, 171179",1986-04-13,0-,РАО «Кондратьев-Блинов»,Нотариус,kalashnikovnatan@yahoo.com,Никифоров Ерофей Всеволодович,+7 316 461 52 62,"п. Верхний Уфалей, ул. Щетинкина, д. 87, 594643",M,013557750376,hsazonov,"['https://simonov.org/', 'http://rao.edu/', 'http://www.npo.net/']"
597,"г. Мураши, ул. Луговая, д. 92, 628232",2001-08-14,AB-,"АО «Гаврилова, Зиновьева и Логинов»",Гепатолог,gkarpova@yandex.ru,Крылов Станислав Юлианович,+7 993 279 43 88,"клх Александровск, ул. Ильича, д. 22, 898791",M,159085378975,grigori09,['http://rao.info/']
598,"с. Красноселькуп, ул. Молодежная, д. 43, 976624",1971-12-03,AB-,"АО «Ширяев, Цветкова и Емельянова»",Коммерческий директор,varlaam_37@hotmail.com,Жукова Ксения Геннадиевна,+7 (005) 954-97-22,"клх Лысьва, ул. Томская, д. 71, 225790",F,015870781445,juvenalishilov,"['http://www.baranov.ru/', 'http://www.konovalov.org/']"
599,"с. Чайковский, ул. Дальневосточная, д. 56, 950579",2000-10-17,B+,НПО «Яковлев»,Эпидемиолог,iosif94@hotmail.com,Казакова Любовь Аркадьевна,+7 616 662 9542,"п. Александров, ул. Коммунаров, д. 69, 481935",F,344626271857,samuil2013gorde_1974,"['http://www.ao.net/', 'https://ao.org/', 'https://ao.net/']"
600,"с. Раменское, ул. Торговая, д. 74, 436836",2003-05-06,A+,Павлова,Генетик,romangolubev@hotmail.com,Колобова Анна Сергеевна,+7 092 156 35 71,"клх Оса, ул. Волочаевская, д. 25, 246303",F,271295891835,roman_32,['https://www.sitnikov.org/']
601,"с. Кемерово, ул. Бригадная, д. 05, 286623",2000-02-15,B-,"АО «Кудрявцев, Гордеева и Моисеев»",Писатель,ladislav_06@yahoo.com,Жданова Ия Болеславовна,+7 (916) 970-45-64,"п. Приморско-Ахтарск, ул. Солнечная, д. 73, 302767",F,600947390109,gerasimovserafim,"['http://rao.com/', 'https://ip.info/', 'http://petrova.biz/']"
602,"г. Апрелевка, ул. Дачная, д. 00, 864331",1999-09-17,A-,РАО «Силин Александрова»,Журналист,ermakovfortunat@yandex.ru,Фокина Валерия Олеговна,+7 (022) 745-8418,"ст. Чегем, ул. Партизанская, д. 19, 513467",F,938581360905,xbeljaev,"['https://www.rao.ru/', 'https://rao.org/', 'http://www.ao.com/', 'https://www.ao.edu/']"
603,"клх Тулпан, ул. Маркса, д. 83, 129539",2010-05-08,0-,РАО «Мамонтова Дьячкова»,Борт-радист,nikiforovarkadi@rambler.ru,Федотов Станислав Григорьевич,+7 (934) 231-75-58,"к. Саратов, ул. Крымская, д. 50, 614951",M,580448928459,terentevlazar,['https://ao.net/']
604,"клх Луга, ул. Олимпийская, д. 89, 599813",2012-08-05,B-,ИП «Воронцов-Панфилова»,Автоэлектрик,demjan1979danila_2003@rambler.ru,Бобров Арсений Тарасович,+7 (755) 448-73-15,"г. Чегем, ул. Мелиораторов, д. 76, 209457",M,069111160403,solovevpanfil,"['http://rao.biz/', 'http://npo.edu/', 'http://npo.ru/']"
605,"с. Североморск, ул. Серафимовича, д. 32, 413698",2009-01-02,A-,"РАО «Шестакова, Чернов и Турова»",Военно-полевой хирург,ynovikov@hotmail.com,Пестова Синклитикия Семеновна,+7 (744) 353-3963,"клх Славянск-на-Кубани, ул. Беляева, д. 62, 526284",F,467022350233,kirillovernest,"['http://www.npo.net/', 'https://ao.ru/']"
606,"клх Ершов, ул. Дорожная, д. 95, 317017",2004-11-21,0+,РАО «Бобылева-Суханова»,Фельдшер,ljubov2012evgeni_2003@rambler.ru,Поляков Виктор Яковлевич,+7 (342) 158-3352,"г. Камышин, ул. Родниковая, д. 14, 008261",M,424481203876,solovevaivanna,['http://shashkov.org/']
607,"клх Северо-Курильск, ул. Коммунистическая, д. 90, 360571",2015-03-02,AB+,Фомичев,Мусорщик,aleksandr1981anatoli_2016@yahoo.com,Кудряшова Фёкла Даниловна,+7 301 305 23 03,"п. Ведено, ул. Войкова, д. 38, 220964",F,696467317075,emmanuilveselov,"['https://ao.edu/', 'https://npo.ru/', 'https://npo.net/']"
608,"к. Оренбург, ул. 40 лет Победы, д. 95, 997361",1991-04-06,AB+,НПО «Прохорова-Степанова»,Донкерман,ljubomir_11@yandex.ru,Кудрявцева Светлана Яковлевна,+7 (405) 992-7065,"с. Орехово-Зуево, ул. Раздольная, д. 01, 938703",F,416349977129,filaret55,"['http://ip.com/', 'https://npo.info/', 'http://golubeva.biz/']"
609,"клх Геленджик, ул. Прудная, д. 02, 608116",1971-09-09,AB-,Воронов,Эндоскопист,nosovsvjatoslav@yahoo.com,Терентьев Евлампий Терентьевич,+7 152 507 9850,"д. Ноябрьск, ул. Зеленая, д. 24, 029464",M,321712670962,romanovserafim,"['https://tsvetkova.org/', 'https://www.rao.com/', 'https://ao.ru/', 'http://rao.net/']"
610,"клх Шуя, ул. Проезжая, д. 48, 659464",1996-11-14,A-,НПО «Афанасьев»,Геодезист,veselovizot@rambler.ru,Савельев Амвросий Артурович,+7 (580) 298-0485,"г. Петушки, ул. Весенняя, д. 60, 662986",M,322364452590,bikovjanuari,"['https://npo.ru/', 'https://www.npo.biz/', 'https://rao.org/']"
611,"ст. Печенга, ул. Гагарина, д. 75, 059621",1982-04-03,AB+,Константинов,Трейдер,radovan_32@gmail.com,Мясникова Евпраксия Богдановна,+7 (305) 585-3256,"клх Пенза, ул. Марта 8, д. 68, 723001",F,020616372694,silinterenti,"['http://rao.info/', 'http://www.osipov.org/', 'https://www.npo.org/', 'https://rao.biz/']"
612,"г. Тула, ул. Володарского, д. 23, 906513",1989-12-07,B-,РАО «Зыкова»,Учёный,paramon77@yandex.ru,Белоусова Раиса Егоровна,+7 (067) 595-7647,"клх Приморско-Ахтарск, ул. Толстого, д. 36, 496042",F,180968051031,silinporfiri,"['http://ao.edu/', 'http://ip.info/']"
613,"клх Бреды, ул. Победа, д. 14, 994384",2016-02-22,0+,Селиверстов,Бондарь,kirillilin@rambler.ru,Туров Владимир Демьянович,+7 021 982 79 81,"д. Нефедова, ул. Клубная, д. 89, 640861",M,132476660297,prokl2011ernest_1989,"['http://rao.com/', 'http://blinov.org/', 'http://www.npo.edu/']"
614,"к. Нижневартовск, ул. Красногвардейская, д. 61, 282456",2012-12-12,AB+,Воробьева,Археолог,pimen_10@yahoo.com,Воронова Александра Макаровна,+7 348 754 59 89,"с. Ельня, ул. Тепличная, д. 65, 187560",F,958210937435,yshchukina,['http://npo.net/']
615,"д. Жигулевск, ул. Тургенева, д. 90, 806523",2005-09-10,AB+,"ИП «Ситникова, Логинова и Константинова»",Сомнолог,avtonompopov@mail.ru,Харитонов Ермил Анисимович,+7 901 742 6296,"к. Великий Устюг, ул. Пугачева, д. 95, 548945",M,046319192813,roman_20,['https://www.rogova.info/']
616,"г. Гремячинск (Бурят.), ул. Саратовская, д. 34, 476360",1999-12-15,B-,"РАО «Волков, Шашков и Родионова»",Кардиохирург,bronislav_48@hotmail.com,Сысоева Раиса Викторовна,+7 (924) 471-39-58,"с. Енисейск, ул. Бульварная, д. 22, 571041",F,186421249515,panfilovkonstantin,"['http://rao.ru/', 'https://www.ao.info/', 'http://www.davidova.com/', 'http://www.ip.org/']"
617,"г. Минеральные Воды, ул. Волочаевская, д. 62, 186530",1971-11-26,B-,ИП «Коновалова Тимофеева»,Изобретатр,gorbachevalukija@rambler.ru,Петрова Лидия Кузминична,+7 (997) 501-54-28,"к. Партизанск, ул. Пригородная, д. 08, 296771",F,104233416461,erast_57,"['https://www.seleznev.info/', 'https://npo.ru/']"
618,"к. Беломорск, ул. Павлова, д. 95, 437383",2000-07-09,AB+,ИП «Носова Федотова»,Токарь-карусельщик,alina25@rambler.ru,Архипова Любовь Геннадиевна,+7 (068) 431-8923,"д. Шарья, ул. Котовского, д. 78, 915190",F,096716762303,mina_31,['http://ao.net/']
619,"с. Колпашево, ул. Магистральная, д. 83, 674059",1984-01-26,B+,АО «Мясникова»,Стрелочник,demjangorbachev@yahoo.com,Быкова Вера Аркадьевна,+7 600 240 4718,"д. Юровск, ул. Степная, д. 10, 853563",F,314027563932,wkoshelev,"['http://ao.biz/', 'https://www.npo.com/', 'https://npo.ru/', 'https://www.rao.net/']"
620,"г. Новороссийка, ул. К.Маркса, д. 72, 870656",1986-06-11,0+,РАО «Ларионов»,Киномеханик,gromovkim@rambler.ru,Соловьева Виктория Аскольдовна,+7 301 715 53 48,"г. Карабудахкент, ул. Больничная, д. 84, 044138",F,690612767380,timofeevaelena,"['http://npo.com/', 'http://npo.org/']"
621,"п. Великие Луки, ул. Тамбовская, д. 26, 231937",1978-07-01,0-,РАО «Савельева-Григорьев»,Штурман,martin1980vjacheslav_2007@rambler.ru,Яковлева Акулина Ждановна,+7 (064) 818-16-32,"ст. Белореченск, ул. Вахитова, д. 69, 702685",F,714458681332,potapovkir,['http://www.ip.biz/']
622,"ст. Пышма, ул. Славянская, д. 86, 140413",1988-10-18,AB+,НПО «Исакова»,Гирудотерапевт,vseslavgrishin@gmail.com,Кононова Лукия Олеговна,+7 718 033 6939,"п. Эльтон, ул. Серафимовича, д. 48, 280982",F,751159292124,julija_24,"['http://rao.org/', 'https://npo.ru/', 'https://www.rao.net/']"
623,"к. Псебай, ул. Дальневосточная, д. 59, 885821",2016-08-27,0+,ИП «Владимирова»,Кромкозакатчик,pandreeva@yahoo.com,Гаврилова Варвара Афанасьевна,+7 (837) 141-1490,"к. Торжок, ул. Карьерная, д. 36, 564578",F,702700994852,avde_09,"['https://ip.com/', 'https://www.ip.org/', 'http://www.ao.ru/', 'https://www.ip.biz/']"
624,"клх Зеленоград, ул. Л.Толстого, д. 26, 153124",2017-12-08,A-,РАО «Боброва»,Авиадиспетчер,vinogradovapelageja@yandex.ru,Шилова Варвара Вадимовна,+7 935 469 4426,"с. Цимлянск, ул. Путевая, д. 52, 776379",F,808232652624,vissarion1988feliks_2006,"['https://shcherbakova.ru/', 'http://www.rao.info/']"
625,"г. Кедровый, ул. Сахалинская, д. 71, 776326",1976-09-08,0+,Дементьев,Портье,akulina1972georgi_2000@gmail.com,Логинова Октябрина Тимуровна,+7 713 656 38 25,"ст. Ангарск, ул. Верхняя, д. 48, 480050",F,818760699563,radim44,"['http://www.ip.biz/', 'http://npo.net/']"
626,"с. Белореченск, ул. Зеленая, д. 93, 199432",1998-11-25,AB-,АО «Суворов»,Футуролог,cignatov@mail.ru,Емельянова Агата Рубеновна,+7 (883) 968-8353,"клх Шуя, ул. Волочаевская, д. 78, 201879",F,089792543454,prohorovigor,"['http://www.rao.info/', 'https://ao.com/', 'http://kuznetsova.edu/', 'https://www.ip.biz/']"
627,"ст. Азов (Рост.), ул. Красина, д. 42, 365584",1975-05-30,AB-,РАО «Рыбакова Баранова»,Гематолог,ignatevustin@mail.ru,Дьячкова Полина Афанасьевна,+7 527 388 2891,"клх Сеймчан, ул. Логовая, д. 80, 101233",F,331378100966,evse_41,"['https://korolev.org/', 'https://www.rao.com/']"
628,"г. Шатой, ул. Лазурная, д. 94, 009292",1970-01-04,0-,ИП «Лебедев»,Иконописец,ippolitgromov@mail.ru,Власова Антонина Алексеевна,+7 (993) 881-2299,"ст. Тулпан, ул. Краснодарская, д. 54, 688669",F,966469567337,boleslav_26,"['http://ao.info/', 'http://www.rao.info/', 'http://www.ao.info/', 'http://ip.info/']"
629,"д. Нефтеюганск, ул. Ермака, д. 87, 274871",1977-04-07,A-,ИП «Беспалова-Антонова»,Горняк,vladislav10@yahoo.com,Новиков Венедикт Исидорович,+7 (495) 199-65-15,"ст. Сарапул, ул. Суворова, д. 75, 908246",M,615292664216,uljan2002gostomisl_2017,['http://npo.info/']
630,"с. Уренгой, ул. Отрадная, д. 79, 921764",1980-04-24,B+,АО «Якушев Богданова»,Военный дознаватель,lazarevvladislav@rambler.ru,Александров Стоян Витальевич,+7 (300) 908-9948,"с. Горно-Алтайск, ул. Серова, д. 37, 468595",M,086690869979,vjacheslav_07,"['https://npo.biz/', 'http://rao.biz/', 'http://rao.ru/', 'https://www.npo.biz/']"
631,"с. Курчатов, ул. Седова, д. 55, 586427",1973-06-13,B+,РАО «Блохин Галкина»,Сварщик,evstigne_91@rambler.ru,Третьякова Полина Валентиновна,+7 (536) 463-7547,"к. Шатой, ул. Амурская, д. 69, 562577",F,157421795864,parfen44,['http://rao.com/']
632,"с. Новомосковск, ул. Химиков, д. 59, 540179",1983-08-21,AB-,АО «Панова Хохлов»,Маркшейдер,lignateva@yahoo.com,Колобов Митофан Бориславович,+7 353 599 81 98,"д. Сеймчан, ул. Промышленная, д. 09, 536767",M,310389503970,seliverstovostromir,"['https://www.npo.com/', 'https://www.ip.net/']"
633,"г. Курганинск, ул. Советская, д. 40, 032294",1981-11-04,AB-,АО «Козлова»,Корректор,dmitrievairaida@rambler.ru,Сазонова Таисия Леонидовна,+7 421 890 6988,"клх Улан-Удэ, ул. Васильковая, д. 08, 953929",F,877510050434,ladislav1984avksenti_1991,"['https://ip.edu/', 'http://npo.net/', 'https://www.ao.info/', 'https://npo.info/']"
634,"г. Ухта, ул. Орджоникидзе, д. 24, 084069",2006-07-24,A-,НПО «Чернов»,Десантник,doroninaalina@hotmail.com,Баранова Варвара Руслановна,+7 935 414 48 91,"д. Поярково, ул. Пионерская, д. 59, 798991",F,364530119843,german90,"['http://www.ip.info/', 'https://ip.biz/', 'https://stepanova.com/', 'http://npo.info/']"
635,"с. Завьялиха, ул. Тульская, д. 58, 882780",2010-05-03,AB-,Белозерова,Жиловщик/Обвальщик,spiridon_47@rambler.ru,Макаров Мартын Дмитриевич,+7 162 956 90 47,"ст. Пушкино (Моск.), ул. Дарвина, д. 46, 022095",M,771368034429,juri55,['http://www.ip.info/']
636,"д. Лысьва, ул. Харьковская, д. 27, 076747",1998-04-10,AB-,НПО «Костина-Шестаков»,Гренадер,kudrjashovtverdislav@yahoo.com,Кондратьева Зинаида Владимировна,+7 (446) 699-1092,"клх Углегорск, ул. Сосновая, д. 58, 877956",F,566585534276,suhanovapolina,"['https://www.npo.biz/', 'http://www.npo.com/']"
637,"к. Юрюзань, ул. Клубная, д. 71, 483680",1991-04-28,0-,НПО «Корнилов»,Поэт,komissarovapraskovja@rambler.ru,Кабанова Полина Вениаминовна,+7 (093) 611-77-31,"клх Якутск, ул. Поперечная, д. 45, 436257",F,304787196649,vharitonova,"['http://ip.ru/', 'http://www.rao.edu/', 'https://ip.org/', 'http://www.ip.net/']"
638,"г. Стрежевой, ул. Крайняя, д. 53, 943103",1989-01-08,0-,НПО «Мишин»,Нотариус,valeri1987luchezar_2011@yahoo.com,Меркушев Кондрат Харлампович,+7 (893) 752-58-11,"п. Нефтегорск (Самар.), ул. Машиностроителей, д. 24, 647161",M,817647273778,bolshakovalukija,"['https://www.ao.info/', 'https://www.lazarev.net/']"
639,"г. Белгород, ул. Черемушки, д. 73, 287787",1972-05-01,0+,АО «Борисов»,Модельер,nikiforovevlampi@rambler.ru,Дьячков Дмитрий Тихонович,+7 411 482 28 53,"д. Шамары, ул. Невского, д. 97, 910062",M,019356696264,kudrjashovaanzhela,"['http://npo.edu/', 'https://www.rao.net/', 'http://ip.com/', 'http://npo.org/']"
640,"с. Салават, ул. Черемушки, д. 83, 255510",2011-01-15,AB-,РАО «Анисимова-Иванова»,Кондитер,miroslavsuvorov@hotmail.com,Лихачева Раиса Григорьевна,+7 (642) 326-21-89,"д. Змеиногорск, ул. Абрикосовая, д. 64, 802436",F,614027821610,jfomicheva,"['https://www.rao.ru/', 'http://www.ao.com/']"
641,"ст. Борзя, ул. Орджоникидзе, д. 61, 660111",2003-05-16,AB+,Назаров,Библиотекарь,hariton48@yahoo.com,Мишин Изот Антипович,+7 212 612 9904,"ст. Сорочинск, ул. Березовая, д. 79, 352764",M,600985194104,jaropolk_18,"['http://www.rao.org/', 'http://www.ip.net/', 'http://ip.biz/']"
642,"ст. Ряжск, ул. Панфилова, д. 47, 959893",2003-03-09,B+,Горбунова,Столяр,nikonovrostislav@mail.ru,Григорьев Спартак Трофимович,+7 (326) 212-67-54,"ст. Кулунда, ул. Леваневского, д. 26, 523704",M,392856003044,kulikovnikandr,['http://www.lazarev.com/']
643,"г. Котлас, ул. Тенистая, д. 66, 822848",1998-07-09,B-,Филатов,Моторист,dfomina@gmail.com,Савельева Агата Львовна,+7 (293) 511-9371,"ст. Верхотурье, ул. Гафури, д. 55, 233962",F,954937956115,komarovjanuari,['https://www.npo.com/']
644,"п. Луга, ул. Просвещения, д. 97, 864788",2009-08-02,0-,"РАО «Кондратьев, Соколова и Зуев»",Следователь,jilin@gmail.com,Зимин Сильвестр Арсеньевич,+7 505 813 24 79,"ст. Красноярск, ул. Московская, д. 72, 316429",M,839483613042,dkulagina,"['https://rao.com/', 'http://rao.biz/', 'https://ao.com/', 'https://ao.info/']"
645,"клх Моздок, ул. Базарная, д. 97, 426866",1971-12-28,AB-,ИП «Архипова-Шестакова»,Горнострелок,nikonovaanna@yandex.ru,Баранова Элеонора Аскольдовна,+7 (869) 841-4962,"к. Ногинск (Моск.), ул. Запрудная, д. 08, 983302",F,999277907993,akimkulikov,['http://npo.info/']
646,"г. Витим, ул. Белинского, д. 46, 007192",2000-02-01,AB-,АО «Лебедева Соловьева»,Сексолог,pbelousov@rambler.ru,Попов Мариан Демьянович,+7 785 261 3547,"к. Талдом, ул. Инженерная, д. 28, 310876",M,364893889700,tit_18,"['http://zikov.info/', 'https://www.ao.net/']"
647,"д. Октябрьское (Хант.), ул. 8 Марта, д. 05, 159415",1970-01-15,0+,Новикова,Бортмеханик,petrovmartjan@yahoo.com,Калинина Надежда Михайловна,+7 744 913 89 83,"д. Эльбрус, ул. Виноградная, д. 21, 742333",F,659113839407,krjukoverofe,"['http://ip.biz/', 'http://www.ao.edu/', 'https://baranov.com/']"
648,"г. Гдов, ул. Химиков, д. 56, 960569",1982-04-08,B+,ИП «Калинин Корнилова»,Механик,rusakovanadezhda@mail.ru,Алексеева Юлия Леонидовна,+7 123 684 49 38,"д. Жиганск, ул. Менделеева, д. 12, 239714",F,074787985736,cmerkushev,"['http://fomina.ru/', 'https://ip.net/', 'http://www.ao.edu/', 'http://www.npo.biz/']"
649,"п. Териберка, ул. Дружба, д. 70, 733913",1999-04-03,AB-,ИП «Кулаков-Попов»,Дизайнер-конструктор,krasilnikovakira@mail.ru,Носков Христофор Федосьевич,+7 (107) 352-2749,"ст. Алапаевск, ул. Заводская, д. 54, 455964",M,800730250303,ustinribakov,"['http://www.birjukov.edu/', 'http://npo.com/', 'http://rao.com/']"
650,"д. Углегорск, ул. Гаражная, д. 35, 029781",2004-09-08,0-,Большаков,Огнемётчик,petuhovaelena@hotmail.com,Панфилов Евстафий Артёмович,+7 082 782 14 19,"с. Домодедово, ул. Дальневосточная, д. 27, 048801",M,552681012087,borisovaemilija,"['https://npo.org/', 'https://turov.ru/']"
651,"д. Кизляр, ул. Орджоникидзе, д. 27, 426196",2005-11-25,0-,Елисеев,Швея,sofron1991stanimir_2011@hotmail.com,Устинова Пелагея Васильевна,+7 717 849 43 35,"к. Бронницы, ул. Рязанская, д. 34, 637078",F,229146398020,evgrafsuhanov,"['http://ao.biz/', 'http://rao.info/', 'https://ao.com/']"
652,"клх Кяхта, ул. 1 Мая, д. 79, 040259",2010-01-15,A-,"АО «Денисова, Петрова и Миронов»",Ботаник,olimpiada08@mail.ru,Прохоров Рюрик Якубович,+7 (112) 415-32-37,"клх Ейск, ул. Просвещения, д. 98, 662326",M,203429191680,doroninmarian,['http://www.rao.biz/']
653,"клх Саянск, ул. Черемушки, д. 14, 164516",1991-01-22,A-,Козлова,Метеоролог,olimpi1973kornil_2012@yandex.ru,Блохина Вероника Владиславовна,+7 026 121 5121,"п. Обнинск, ул. Литейная, д. 32, 628632",F,679772657260,galkinaevdokija,"['http://www.ip.edu/', 'https://www.rao.com/']"
654,"ст. Стерлитамак, ул. Совхозная, д. 77, 564360",2009-10-31,AB+,РАО «Кириллов-Филатова»,Изобретатр,azaripotapov@hotmail.com,Князева Регина Эльдаровна,+7 506 247 0832,"д. Кондопога, ул. Серафимовича, д. 39, 275751",F,791637377387,kira1992vadim_1984,"['http://npo.info/', 'https://www.npo.net/', 'https://zuev.com/', 'https://ao.biz/']"
655,"п. Новороссийск, ул. Балтийская, д. 12, 219132",2004-07-03,AB-,РАО «Виноградова Костин»,Сапёр,radislav_97@mail.ru,Елисеев Тимур Эдуардович,+7 046 498 0646,"д. Камышин, ул. Монтажников, д. 12, 385988",M,515245539319,anikita1978vadim_2012,"['https://www.rao.info/', 'http://www.bobrov.net/', 'http://kozlov.info/', 'http://rao.edu/']"
656,"г. Тура, ул. Лазо, д. 98, 702259",1973-11-15,0-,АО «Исаев»,Кок,tretjakovpankrat@hotmail.com,Кулакова Анжела Филипповна,+7 (074) 599-5008,"клх Карачаевск, ул. Беляева, д. 78, 885416",F,961192723802,gromovapelageja,"['http://www.ip.edu/', 'http://ip.edu/', 'https://www.ip.com/', 'http://ip.org/']"
657,"г. Липецк, ул. Крупской, д. 29, 194634",2002-07-12,B-,НПО «Максимов-Голубев»,Дипломат,terentevadarja@mail.ru,Михайлова Елизавета Юрьевна,+7 (675) 936-09-50,"с. Быково (метеост.), ул. Юности, д. 46, 357282",F,707166511328,potap_26,"['http://www.timofeeva.biz/', 'http://rao.edu/', 'https://ip.edu/']"
658,"к. Москва, МГУ, ул. Поселковая, д. 41, 380385",1989-05-22,A-,"АО «Филатов, Игнатьева и Князев»",Продавец,vadim1985vasilisa_2002@yahoo.com,Третьяков Бажен Трифонович,+7 420 370 8263,"г. Сортавала, ул. Рябиновая, д. 73, 276698",M,779496962977,trofim2006sinklitikija_1970,['http://ip.biz/']
659,"г. Джубга, ул. Сплавная, д. 25, 872855",1973-01-01,0-,АО «Шубин-Мельникова»,Конвоир,gordeevalarisa@mail.ru,Гуляева Таисия Рудольфовна,+7 069 758 4684,"г. Кедровый, ул. Терешковой, д. 30, 188900",F,127734962094,savelevseliverst,"['http://www.npo.ru/', 'https://npo.ru/', 'https://npo.info/', 'https://npo.net/']"
660,"клх Белоярский, ул. Черняховского, д. 10, 971784",1970-03-30,A+,"АО «Киселев, Большаков и Беляева»",Кондуктор,efim24@yandex.ru,Тарасова Елизавета Даниловна,+7 (030) 999-7075,"д. Анадырь, ул. Баумана, д. 95, 715353",F,414118005765,kapustinvseslav,"['https://rao.org/', 'https://ao.com/']"
661,"д. Усть-Илимск, ул. Бажова, д. 87, 429455",2006-08-06,A+,РАО «Константинов»,Проводник,mihalovevdokim@yahoo.com,Александрова Светлана Ждановна,+7 590 179 4184,"клх Каменск-Шахтинский, ул. 1 Мая, д. 21, 508841",F,856056561335,mgolubeva,"['http://ao.net/', 'http://rao.info/']"
662,"ст. Алагир, ул. Запрудная, д. 26, 896779",2014-07-07,B+,НПО «Сергеев-Кабанова»,Грузчик,efremovborislav@hotmail.com,Герасимова Анжела Ефимовна,+7 972 484 4427,"клх Кулунда, ул. Песочная, д. 95, 594012",F,678324581765,ovchinnikovevstigne,"['http://rao.org/', 'https://www.ip.ru/', 'http://simonov.org/', 'https://www.ao.com/']"
663,"клх Троицк (Моск.), ул. Николаева, д. 90, 791557",1987-04-09,B-,Доронина,Продавец,poljakovaivanna@yahoo.com,Потапова Марина Святославовна,+7 961 007 67 17,"с. Урюпинск, ул. Пушкинская, д. 85, 326534",F,812779182019,orlovnikandr,['https://nosova.net/']
664,"ст. Серпухов, ул. Разина, д. 08, 138491",1979-11-13,A+,АО «Борисов Трофимов»,Математик,shestakovsamson@yandex.ru,г-н. Алексеев Исай Ильясович,+7 433 574 4980,"ст. Уссурийск, ул. Карла Либкнехта, д. 45, 226259",M,186985198353,rnikiforova,"['http://www.ao.info/', 'https://rao.net/', 'http://www.ip.net/']"
665,"ст. Белогорск (Амур.), ул. Комсомольская, д. 19, 357490",2000-06-04,0-,НПО «Дроздов-Кондратьева»,Столяр-краснодеревщик,antoninshubin@mail.ru,Лазарев Каллистрат Ааронович,+7 475 451 98 23,"к. Нарьян-Мар, ул. Маркса Карла, д. 50, 373531",M,661371212370,petuhovfilaret,['http://www.ip.ru/']
666,"ст. Внуково (метеост.), ул. Профсоюзная, д. 82, 694418",2002-04-07,A+,НПО «Артемьев-Шарапов»,Радиомеханик,glafira58@hotmail.com,Зайцева Светлана Артемовна,+7 518 439 28 71,"д. Лянтор, ул. Северная, д. 78, 996180",F,532703408652,sobolevaviktorija,"['https://www.npo.edu/', 'http://rao.ru/', 'https://www.rao.edu/', 'https://www.ip.biz/']"
667,"клх Калязин, ул. Больничная, д. 89, 017579",1998-05-28,0-,"ИП «Колесникова, Селезнева и Лихачев»",Рефлексотерапевт,judingostomisl@rambler.ru,Силина Вероника Ниловна,+7 989 624 6274,"к. Краснодар, ул. Покровская, д. 59, 294210",F,078364836814,emishina,"['http://npo.com/', 'https://www.npo.biz/', 'http://grigoreva.edu/', 'http://ao.edu/']"
668,"п. Соль-Илецк, ул. Зеленая, д. 72, 877068",2004-10-12,AB-,ИП «Боброва»,Почтальон,agafonovvladislav@mail.ru,Мартынов Константин Архипович,+7 (767) 604-18-15,"д. Владивосток, ул. Леонова, д. 29, 515247",M,121059532496,vjacheslav90,"['https://ip.com/', 'https://www.prohorov.ru/', 'https://npo.info/']"
669,"ст. Карабудахкент, ул. Театральная, д. 69, 410818",2003-01-25,0+,РАО «Веселова»,Горничная,hohlovaoksana@hotmail.com,Брагин Федор Ефимович,+7 (835) 611-55-52,"п. Агата, ул. Шолохова, д. 85, 957302",M,983276166077,bogdanvasilev,['http://www.rao.ru/']
670,"с. Кулунда, ул. Мусы Джалиля, д. 60, 749077",2006-10-23,B-,АО «Новикова-Силина»,Ихтиолог,ermil_42@rambler.ru,Котов Сильвестр Адрианович,+7 897 212 44 86,"ст. Мезень, ул. Черемуховая, д. 14, 031813",M,078891198286,fokinaalla,"['http://www.yakushev.com/', 'https://efimov.biz/']"
671,"ст. Канск, ул. Кузнецова, д. 61, 019685",2012-05-12,0-,"АО «Третьякова, Прохоров и Панфилова»",Социолог,suhanovazinaida@hotmail.com,Рябова Надежда Архиповна,+7 (603) 338-8600,"клх Карабулак, ул. Загородная, д. 05, 312555",F,114896699665,kondrati_90,['https://aleksandrov.org/']
672,"д. Петропавловск-Камчатский, ул. Садовая, д. 69, 334897",1999-03-08,0-,ИП «Кошелев»,Политолог,gordeevafanasi@rambler.ru,Максимов Никандр Владиленович,+7 500 776 24 33,"ст. Ступино, ул. Просторная, д. 62, 255811",M,210877006257,ratmir_92,"['http://www.ao.biz/', 'http://www.ip.net/', 'http://www.ao.com/', 'https://ip.info/']"
673,"с. Усть-Ишим, ул. Невского, д. 70, 121767",1985-08-16,0+,РАО «Комиссаров»,Гематолог,kozlovsvjatopolk@mail.ru,Кондратьева Милица Ниловна,+7 379 105 16 75,"ст. Улан-Удэ, ул. Фабричная, д. 88, 501605",F,553740122013,kudrjashovaverjan,"['http://ip.edu/', 'https://www.efimova.org/', 'http://npo.biz/', 'http://ao.info/']"
674,"клх Березники, ул. Саратовская, д. 04, 174012",2005-05-12,0+,НПО «Маслова»,Сборщик,milen1997averki_1987@gmail.com,Мартынов Давыд Дмитриевич,+7 (428) 164-2490,"г. Баргузин, ул. Пушкина, д. 77, 282238",M,234069725084,kulikovstojan,['https://ip.edu/']
675,"п. Бирск, ул. Курчатова, д. 10, 353752",1977-01-20,AB+,АО «Копылов-Овчинников»,Фтизиатр,shubinlev@hotmail.com,Селиверстова Оксана Натановна,+7 909 925 09 47,"г. Россошь, ул. Сиреневая, д. 98, 767143",F,493665755600,margarita_71,"['https://npo.com/', 'https://npo.edu/', 'http://rao.org/', 'https://www.ip.net/']"
676,"г. Новороссийка, ул. Школьная, д. 57, 276317",2003-05-22,0+,НПО «Константинова»,Машинист локомотива,fevronija05@gmail.com,Елисеева Акулина Георгиевна,+7 (038) 886-1359,"п. Россошь, ул. Проточная, д. 80, 992079",F,339325227285,zuevpanfil,['https://www.ao.ru/']
677,"ст. Гремячинск (Перм.), ул. Логовая, д. 10, 007642",1989-10-08,A+,АО «Гурьев Калинина»,Преподаватель,cheslav_63@gmail.com,Буров Мечислав Егорович,+7 (854) 955-00-40,"п. Лодейное Поле, ул. Достоевского, д. 78, 675235",M,593240570449,gremislav84,"['http://www.belousova.ru/', 'https://ip.edu/']"
678,"с. Сарапул, ул. Попова, д. 46, 780523",1987-09-04,B-,"НПО «Макаров, Шестакова и Александрова»",Диверсант,kir_93@gmail.com,Громова Варвара Федоровна,+7 796 167 3615,"г. Жуковский, ул. Щербакова, д. 01, 716089",F,163416917051,ljubov_42,['https://ip.com/']
679,"с. Оренбург, ул. Высоковольтная, д. 62, 134998",2004-11-27,AB-,Доронина,Врач УЗ-диагностики,antonovvisheslav@mail.ru,Лихачев Ярополк Владленович,+7 804 398 46 76,"д. Куртамыш, ул. Раздольная, д. 47, 910735",M,842185789765,jdrozdov,"['http://ip.ru/', 'https://www.ao.net/', 'https://rao.biz/', 'http://ao.org/']"
680,"д. Тайшет, ул. Прудная, д. 58, 139558",1981-01-13,0+,"НПО «Осипов, Рябов и Мельникова»",Робототехник,larionovevgraf@rambler.ru,Антонова Анжелика Мироновна,+7 (912) 732-38-06,"п. Амдерма, ул. Тракторная, д. 24, 599897",F,790987209431,shestakovizot,"['http://www.rao.org/', 'http://npo.org/']"
681,"д. Катав-Ивановск, ул. Шаумяна, д. 94, 242412",1975-12-23,A-,НПО «Уварова»,Мастер педикюра,muraveveduard@rambler.ru,Устинова Ираида Павловна,+7 575 549 46 73,"к. Корсаков, ул. Республиканская, д. 59, 238393",F,683909196642,anzhelika2007sigizmund_1972,['http://www.ip.biz/']
682,"п. Тулун, ул. Маркса, д. 00, 648880",1977-07-28,0+,Степанов,Миколог,irina1970innokenti_1996@mail.ru,Шубина Синклитикия Федоровна,+7 (535) 289-27-59,"г. Игнашино, ул. Чайкиной, д. 99, 681832",F,934533719340,hariton98,"['http://www.npo.info/', 'https://abramova.ru/', 'https://www.ao.info/', 'http://npo.edu/']"
683,"п. Алапаевск, ул. Волочаевская, д. 90, 443138",2016-11-19,0+,Ильин,Сборщик,ustin2005ustin_1970@rambler.ru,Миронов Лонгин Якубович,+7 (849) 696-5013,"п. Тутончаны, ул. Мельничная, д. 72, 589495",M,449917903150,lvasileva,"['http://www.ao.ru/', 'https://npo.net/']"
684,"п. Тура, ул. Техническая, д. 04, 862646",2011-06-18,0+,"ИП «Гаврилова, Харитонов и Кузьмина»",Ортопед,solovevemmanuil@hotmail.com,Лазарев Авксентий Данилович,+7 030 426 15 44,"г. Терскол, ул. Парижской Коммуны, д. 64, 649002",M,944285523655,demidkuznetsov,['https://www.ip.net/']
685,"п. Тутаев, ул. Авиационная, д. 77, 476568",1977-11-28,A-,ИП «Белозеров Емельянов»,Проректор,beljakovavalerija@gmail.com,Филатов Селиван Вилорович,+7 783 081 16 53,"с. Лабинск, ул. Целинная, д. 26, 159695",M,527060129293,iraida_24,"['https://www.ao.com/', 'https://www.agafonov.biz/']"
686,"с. Снежинск, ул. Кольцова, д. 68, 861123",1997-05-28,B-,ИП «Селиверстов Ширяева»,Оториноларинголог,gusevanonna@yahoo.com,Константинова Иванна Филипповна,+7 (441) 744-25-49,"п. Шали, ул. 30 лет Победы, д. 94, 454943",F,905532242643,beljakovmodest,"['https://www.rao.net/', 'https://www.ao.com/']"
687,"д. Красновишерск, ул. Свердлова, д. 21, 804842",2001-10-07,A+,НПО «Рожков»,Эколог,kudrjavtsevartemi@yahoo.com,Шестакова Нина Аркадьевна,+7 (936) 403-88-07,"п. Краснодар, ул. Ульянова, д. 52, 348953",F,665761630624,uljan_13,['https://npo.biz/']
688,"д. Шелехов, ул. Крайняя, д. 82, 444902",1979-01-27,A+,"ИП «Ковалева, Панфилов и Ефимов»",Учёный,shestakovspiridon@yandex.ru,Федотова Синклитикия Рубеновна,+7 040 062 0279,"п. Кимры, ул. Ростовская, д. 15, 528619",F,710364334757,savelevljubim,"['http://chernov.info/', 'https://www.rao.org/', 'http://www.ao.edu/']"
689,"с. Тихвин, ул. Металлистов, д. 52, 525290",1973-09-10,AB-,Харитонова,Коневод,maksimiljan_71@mail.ru,Исаев Викторин Григорьевич,+7 (312) 910-40-60,"к. Арсеньев, ул. Стахановская, д. 33, 777701",M,139406845981,bobrovhariton,"['http://zikov.net/', 'https://vorobev.biz/']"
690,"к. Печора, ул. Пушкинская, д. 75, 818612",2015-06-14,A-,ИП «Орлов-Соловьев»,Эксперт-криминалист,smirnovaninel@rambler.ru,Максимов Ярополк Трифонович,+7 (750) 733-7239,"д. Егорьевск, ул. Авиационная, д. 64, 636689",M,819088042642,kiselevgeorgi,"['http://npo.biz/', 'https://www.ip.ru/', 'http://www.ao.net/']"
691,"д. Тамбей, ул. Седова, д. 23, 417892",1998-01-19,B-,Лихачева,Стилист,rloginov@yahoo.com,Герасимов Эммануил Дорофеевич,+7 (342) 779-7392,"д. Черусти, ул. Медицинская, д. 19, 088461",M,409024779113,dmitrievmodest,"['http://www.rao.org/', 'https://ip.org/', 'https://rao.info/']"
692,"п. Тотьма, ул. Краснодарская, д. 83, 696563",1999-01-12,AB-,Родионов,Плотник,eliseevsigizmund@rambler.ru,Гуляева Милица Эльдаровна,+7 (986) 712-4054,"г. Белогорск (Амур.), ул. Дальняя, д. 03, 194722",F,211054977705,zosima39,"['https://www.npo.ru/', 'https://www.rao.info/']"
693,"к. Новочеркасск, ул. Победы, д. 60, 706807",1992-06-08,A+,"АО «Антонова, Бирюков и Зыков»",Прокурор,raisa1970artemi_1985@yahoo.com,Гурьева Олимпиада Дмитриевна,+7 026 235 4041,"с. Анапа, ул. Красных Партизан, д. 61, 491380",F,902100767635,mshirjaev,['https://npo.biz/']
694,"п. Чайковский, ул. Тупиковая, д. 91, 468272",1972-10-05,A-,Никонова,Программист,vsemilabramov@rambler.ru,Тарасов Савватий Герасимович,+7 (962) 492-60-30,"г. Октябрьское (Хант.), ул. Овражная, д. 77, 538665",M,567116340893,isaevfeoktist,"['https://rao.biz/', 'https://npo.net/', 'http://www.ao.com/']"
695,"д. Тавда, ул. Менделеева, д. 92, 375531",1973-09-21,A-,АО «Ермакова-Федоров»,Маклер биржевой,uvarovzinovi@hotmail.com,Попова Зинаида Тарасовна,+7 (958) 613-1611,"п. Камышлов, ул. Кирпичная, д. 03, 414577",F,534166426045,naumovafaina,"['http://rao.org/', 'http://www.ip.net/', 'http://rao.biz/']"
696,"г. Усть-Кулом, ул. Тимирязева, д. 58, 324488",2006-06-13,B-,ИП «Федосеев»,Нейрохирург,vkomarova@yahoo.com,Марков Петр Герасимович,+7 174 856 22 73,"клх Тавда, ул. Овражная, д. 40, 358607",M,020154803179,kopilovernest,['http://www.rao.ru/']
697,"д. Томпа, ул. Толстого, д. 17, 445714",2006-12-19,0-,ИП «Алексеева-Смирнова»,Проводник,lavrentevdemid@mail.ru,Лебедев Валентин Харламович,+7 122 777 3408,"д. Кабанск, ул. Одесская, д. 33, 057171",M,630245917269,irakli_77,"['https://ao.ru/', 'https://ao.net/', 'https://www.ao.biz/']"
698,"клх Ангарск, ул. Победа, д. 62, 907275",1988-09-30,A-,АО «Рябова Никонова»,Телемастер,ipat12@rambler.ru,Харитонова Регина Ждановна,+7 (159) 741-6588,"к. Усть-Баргузин, ул. Запорожская, д. 29, 152155",F,032650326716,gremislav00,['https://doronina.org/']
699,"клх Шадринск, ул. Радужная, д. 36, 892306",1996-08-02,B+,Бобров,Дилер,qkrilov@mail.ru,Медведева Любовь Яковлевна,+7 348 057 2982,"п. Урус-Мартан, ул. Олимпийская, д. 17, 192025",F,416256824496,artemvladimirov,"['http://www.ao.ru/', 'http://www.ip.biz/', 'http://ip.edu/', 'https://www.rao.com/']"
700,"клх Оленек, ул. Достоевского, д. 69, 842987",2007-06-07,0+,АО «Лихачев Яковлева»,Инкассатор,kolobovpolikarp@gmail.com,Савин Влас Герасимович,+7 (472) 514-05-47,"п. Грозный, ул. Майская, д. 36, 133560",M,506659357379,mdmitrieva,"['http://www.rao.info/', 'https://ip.ru/', 'http://npo.net/', 'http://www.shashkov.net/']"
701,"д. Амдерма, ул. Ивановская, д. 44, 480689",1991-05-01,0+,РАО «Николаев»,Архитектор,rbobrov@yandex.ru,Фомичева Марфа Александровна,+7 440 665 0230,"д. Мыс Шмидта, ул. Деповская, д. 12, 151520",F,218836606231,dorofetarasov,"['http://www.ip.ru/', 'https://www.npo.com/', 'https://www.gavrilov.com/', 'http://npo.com/']"
702,"клх Кабанск, ул. Рабочая, д. 96, 578432",2005-08-18,A-,ИП «Цветкова Ефремов»,Андролог,sisoevcheslav@yandex.ru,Третьяков Куприян Афанасьевич,+7 (790) 881-9267,"клх Курумкан, ул. Тракторная, д. 91, 829447",M,014324642024,kalininivan,"['https://npo.org/', 'http://ip.com/', 'http://www.npo.edu/', 'https://ao.ru/']"
703,"к. Каменск-Шахтинский, ул. Щетинкина, д. 74, 590078",2000-03-02,A+,"НПО «Гришина, Захаров и Русакова»",Интендант,nikiforzhdanov@yahoo.com,Селиверстов Севастьян Захарьевич,+7 742 360 33 90,"с. Эльтон, ул. Волкова, д. 98, 043138",M,706644571415,tsavina,"['https://www.ip.net/', 'http://rao.org/']"
704,"г. Каргасок, ул. Грибоедова, д. 21, 136989",1979-04-07,B-,НПО «Лазарева»,Бармен,januari2011fedot_1989@yandex.ru,Котова Феврония Кузминична,+7 754 317 55 99,"клх Кизилюрт, ул. Октябрьская, д. 57, 814350",F,509433717490,valerjankulagin,['http://rao.ru/']
705,"д. Аша, ул. Театральная, д. 44, 979879",2008-09-28,A-,РАО «Корнилова Белоусова»,Мусорщик,androngalkin@gmail.com,Дьячкова Оксана Тимофеевна,+7 (447) 267-07-60,"г. Нижнекамск, ул. Ясная, д. 61, 045259",F,431663312028,afanasevpankrati,['https://agafonov.info/']
706,"клх Анива, ул. 50 лет Победы, д. 95, 877031",1987-04-30,0-,"АО «Селиверстов, Никонова и Соловьев»",Шкипер,julija_83@yahoo.com,Фомина Ульяна Семеновна,+7 (720) 610-13-63,"к. Кудымкар, ул. Жуковского, д. 62, 078741",F,509997278590,ernest1997apollon_2001,"['http://borisov.com/', 'http://www.birjukov.com/', 'http://miheev.ru/', 'https://rao.com/']"
707,"п. Комсомольск-на-Амуре, ул. Ручейная, д. 52, 795010",2006-08-30,A+,РАО «Жданов Кудряшова»,Десантник,fominatatjana@mail.ru,Горшкова Эмилия Ждановна,+7 (537) 201-5267,"ст. Шереметьево, ул. Мелиоративная, д. 31, 151557",F,282985788043,hohlovaija,"['http://www.ao.info/', 'http://rao.org/', 'http://www.rao.info/', 'https://npo.ru/']"
708,"клх Нарткала, ул. Малая, д. 45, 630206",1977-04-18,AB-,ИП «Носкова-Попова»,Сценарист,efrem74@mail.ru,Горбунова Ираида Аскольдовна,+7 (698) 773-5014,"к. Сергиев Посад, ул. Рылеева, д. 28, 510045",F,638335593131,juri1973pantelemon_1973,"['http://www.ip.info/', 'http://www.npo.info/', 'http://melnikova.net/']"
709,"п. Данков, ул. Братская, д. 84, 315661",1999-05-19,A-,НПО «Шашкова-Евдокимова»,Теолог,rrozhkov@yahoo.com,Дмитриева Маргарита Вадимовна,+7 (463) 700-1815,"г. Великие Луки, ул. Фадеева, д. 94, 688737",F,659539499959,agap36,"['https://www.ip.ru/', 'https://ao.com/', 'https://ao.edu/', 'https://fedorova.biz/']"
710,"д. Междуреченский, ул. Вахитова, д. 03, 177698",1974-06-14,B-,РАО «Киселев»,Военный прокурор,blohiniosif@yandex.ru,Романов Эдуард Брониславович,+7 (469) 547-68-82,"д. Шаховская, ул. Чехова, д. 95, 670161",M,001023033650,andronik2008efim_1985,"['https://www.vlasov.info/', 'https://ao.net/', 'http://rao.info/', 'https://npo.net/']"
711,"с. Воткинск, ул. Чкалова, д. 62, 707727",1986-09-06,A+,АО «Тимофеева-Дементьев»,Учитель,venedikt82@yahoo.com,Лапина Валерия Вениаминовна,+7 604 042 4134,"п. Билибино, ул. Совхозная, д. 37, 040482",F,600592273366,rermakova,"['https://www.npo.org/', 'https://www.rao.biz/', 'http://www.rao.ru/', 'http://www.efremova.ru/']"
712,"с. Пушкино (Моск.), ул. Малиновая, д. 17, 138036",1992-08-13,A-,АО «Королева Лукин»,Судья,fkalashnikova@yahoo.com,Бобылев Николай Димитриевич,+7 (155) 304-68-08,"к. Малгобек, ул. Алтайская, д. 07, 135384",M,794286030271,antonina_42,"['https://www.rao.com/', 'http://www.ip.biz/', 'https://npo.info/']"
713,"д. Новый Оскол, ул. Тюленина, д. 27, 664069",1996-01-03,0-,"РАО «Михеева, Попова и Тихонов»",Фальцовщик,paramon1993ekaterina_1978@rambler.ru,Ларионов Софрон Иосифович,+7 (191) 730-88-41,"г. Волгодонск, ул. Физкультурная, д. 97, 543933",M,600228662755,kornilovaolga,['https://guseva.info/']
714,"г. Гусь-Хрустальный, ул. Декабристов, д. 66, 687055",1998-04-06,A+,Беляев,Канонир,danilazikov@gmail.com,Блинов Елисей Григорьевич,+7 (520) 286-4580,"с. Красновишерск, ул. Каштановая, д. 60, 267902",M,473371248516,savvati1989marfa_1996,"['https://www.ao.ru/', 'http://www.ip.net/', 'https://www.ip.info/', 'http://www.npo.info/']"
715,"д. Иркутск, ул. Морозова, д. 94, 809463",1973-06-25,B-,ИП «Сидорова»,Борт-радист,milan2012olimpiada_1975@yahoo.com,Гордеева Мария Болеславовна,+7 755 702 02 06,"с. Кимры, ул. Социалистическая, д. 89, 948303",F,258912592627,silinaangelina,"['https://www.filippov.ru/', 'https://www.rao.info/', 'https://ip.org/', 'https://rao.org/']"
716,"п. Дубна, ул. Титова, д. 41, 894390",2014-06-02,AB-,"ИП «Некрасов, Тимофеева и Горбачева»",Египтолог,anastasija_42@yandex.ru,Орехова Анастасия Ждановна,+7 978 200 35 00,"д. Стерлитамак, ул. Верхняя, д. 46, 774087",F,393747662082,merkushevaanzhelika,"['http://www.ao.edu/', 'https://www.rao.org/', 'https://ao.biz/', 'https://www.ao.org/']"
717,"г. Джейрах, ул. Космодемьянской, д. 76, 680243",1993-09-24,AB-,"АО «Одинцов, Денисов и Игнатьева»",Декан,aristarh1997efim_1975@yandex.ru,Авдеева Анна Александровна,+7 198 040 6961,"д. Хасавюрт, ул. Плеханова, д. 08, 517628",F,629851690085,knjazevmili,"['https://www.fadeeva.info/', 'https://www.npo.com/', 'https://knjazeva.edu/']"
718,"п. Усть-Ишим, ул. 40 лет Октября, д. 67, 336348",2007-02-05,B+,"НПО «Уваров, Шестаков и Ермакова»",Эндокринолог,grishinermil@mail.ru,Дмитриева Ия Богдановна,+7 (172) 576-2045,"с. Махачкала, ул. Журавлева, д. 71, 263794",F,816888217654,feofan86,"['http://www.ip.ru/', 'http://rao.com/']"
719,"д. Инта, ул. Ангарская, д. 22, 773764",2015-08-26,B+,НПО «Щербакова-Колобов»,Религиовед,orehovfade@yahoo.com,Семенов Будимир Ерофеевич,+7 239 442 1443,"клх Урай, ул. Короленко, д. 88, 778823",M,177917231101,matveevdementi,"['https://www.saveleva.com/', 'https://ip.ru/', 'http://www.rao.com/', 'https://naumov.com/']"
720,"г. Кыштым, ул. Котовского, д. 85, 928394",2004-09-05,B-,"ИП «Кабанова, Новикова и Рожкова»",Химик-аналитик,krjukovaantonina@gmail.com,Ефремова Пелагея Леонидовна,+7 (053) 827-13-16,"ст. Юрюзань, ул. Водников, д. 68, 997509",F,494134142196,yorlova,"['https://npo.edu/', 'http://ao.org/', 'https://www.ip.biz/', 'https://ao.ru/']"
721,"ст. Ельня, ул. Новостройка, д. 70, 132221",1996-08-19,A+,"АО «Шубин, Воронцова и Баранов»",Донкерман,bojanovchinnikov@rambler.ru,Кабанова Юлия Робертовна,+7 (816) 104-8873,"к. Апатиты, ул. Придорожная, д. 67, 019132",F,414706147296,akulina51,['https://rao.biz/']
722,"ст. Тутаев, ул. Солнечная, д. 71, 015488",1978-03-10,AB-,Зиновьев,Булочник,gorde_29@rambler.ru,Субботин Всеслав Еремеевич,+7 (844) 304-6463,"клх Оленек, ул. Чапаева, д. 31, 170607",M,672655473091,csuvorova,"['https://www.ip.ru/', 'http://ao.biz/', 'https://rao.ru/', 'http://www.rao.info/']"
723,"г. Октябрьское (Челяб.), ул. Гайдара, д. 89, 267648",2015-08-10,A+,НПО «Шарова-Евдокимова»,Орнитолог,kuzma2000demjan_2012@rambler.ru,Силина Полина Егоровны,+7 (765) 556-8775,"клх Ведено, ул. Парковая, д. 46, 005124",F,696097533767,irakli1993afanasi_2003,"['https://www.ao.biz/', 'http://ao.info/']"
724,"клх Яр-Сале, ул. Проезжая, д. 39, 279242",1973-08-03,B-,ИП «Герасимова-Рогов»,Фермер,leonti_09@yandex.ru,Михеев Агафон Харитонович,+7 443 905 4654,"п. Карабудахкент, ул. Одесская, д. 14, 069435",M,811661253695,aleksandr49,"['http://kozlov.com/', 'http://www.miheeva.biz/', 'http://www.muraveva.ru/', 'https://npo.edu/']"
725,"к. Шилка, ул. Кооперативная, д. 19, 520755",1973-08-10,0+,ИП «Гуляева-Антонова»,Лётчик,juliannikiforov@rambler.ru,Абрамов Эмиль Исидорович,+7 526 282 66 08,"п. Пермь, ул. Совхозная, д. 33, 776573",M,424263244599,kolobovjakov,"['https://ao.edu/', 'https://npo.biz/']"
726,"к. Орехово-Зуево, ул. Чехова, д. 97, 335151",1996-04-07,0+,Назаров,Фотограф,popovluchezar@yahoo.com,Мишина Зоя Юрьевна,+7 078 457 2778,"г. Шахты, ул. Донская, д. 80, 293264",F,152076821626,sidorovemeljan,"['https://ip.net/', 'https://ip.ru/', 'http://belozerova.edu/', 'http://www.npo.biz/']"
727,"д. Усть-Камчатск, ул. Хуторская, д. 33, 387804",1976-08-22,B+,ИП «Лукина»,Печатник,isakovaanzhela@hotmail.com,Григорьева Ульяна Георгиевна,+7 358 733 0641,"ст. Шатой, ул. Поперечная, д. 22, 746033",F,265837823695,savinvelimir,['https://ip.org/']
728,"ст. Соболево, ул. Сельская, д. 75, 585086",2001-03-23,B-,"РАО «Белозеров, Кулакова и Мясникова»",Проводник,shchukinvladlen@yandex.ru,Князева Дарья Юрьевна,+7 724 960 51 29,"д. Хасан, ул. 50 лет ВЛКСМ, д. 44, 654365",F,781217962454,denisovseliverst,['http://www.gavrilova.biz/']
729,"ст. Калач-на-Дону, ул. Коммунаров, д. 35, 282069",1985-08-01,AB+,ИП «Лыткин Комиссарова»,Фельдшер,zsharova@hotmail.com,Пахомов Святослав Якубович,+7 172 735 0275,"ст. Каменск-Уральский, ул. Гафури, д. 54, 158704",M,225055233219,poljakovosip,['http://ip.biz/']
730,"клх Учалы, ул. К.Маркса, д. 49, 485415",1992-07-06,0-,НПО «Логинова Петров»,Командир,silanti49@rambler.ru,Данилова Светлана Аскольдовна,+7 (600) 817-5664,"к. Арсеньев, ул. Учительская, д. 20, 252067",F,312080792302,egor1991evgeni_1977,"['https://npo.ru/', 'http://npo.org/', 'http://www.ao.ru/', 'https://www.rao.com/']"
731,"г. Игарка, ул. Сплавная, д. 62, 551659",2003-07-25,A+,ИП «Зимина-Кулагин»,Мусоропроводчик,grishinvikenti@mail.ru,Шарова Ираида Михайловна,+7 (909) 043-94-17,"п. Россошь, ул. Набережная, д. 80, 230060",F,945525725419,eliseevsamson,"['http://www.ao.ru/', 'https://ip.net/', 'https://ip.edu/', 'http://npo.edu/']"
732,"с. Усть-Кут, ул. Лесная, д. 84, 036288",1985-03-12,A+,РАО «Доронин-Козлова»,Аллерголог,vlasovkuzma@yandex.ru,Тихонова Елизавета Мироновна,+7 (023) 810-82-59,"д. Далматово, ул. Ударная, д. 22, 965635",F,975736133179,kondrati62,"['https://www.rao.biz/', 'http://ip.edu/', 'http://www.ip.com/', 'https://npo.net/']"
733,"клх Йошкар-Ола, ул. Больничная, д. 50, 881302",2000-02-13,0+,ИП «Суворова Жданов»,Сталевар,mstislav_09@rambler.ru,Воробьева Марфа Альбертовна,+7 (022) 510-6131,"с. Волгодонск, ул. Достоевского, д. 92, 295771",F,255918617138,alevtina44,"['http://www.npo.net/', 'https://www.npo.biz/']"
734,"п. Йошкар-Ола, ул. Заливная, д. 36, 949283",1998-03-03,AB+,"НПО «Гуляева, Костина и Елисеева»",Зоолог,rusakovandre@mail.ru,Гаврилов Спартак Феофанович,+7 (323) 104-04-08,"клх Малгобек, ул. Смоленская, д. 12, 438814",M,975117366421,judindanila,"['https://www.ao.ru/', 'http://ip.net/']"
735,"г. Обоянь, ул. Олега Кошевого, д. 94, 306850",1996-05-30,A-,РАО «Третьяков-Некрасов»,Химик,marianjudin@hotmail.com,Суханов Тимофей Федотович,+7 (373) 312-2303,"ст. Печора, ул. Новосельская, д. 89, 980516",M,872490046648,ninel69,"['https://ip.net/', 'http://ip.edu/', 'https://npo.biz/', 'https://npo.net/']"
736,"с. Каменск-Шахтинский, ул. Кутузова, д. 98, 159628",1974-03-15,0+,ИП «Киселев Фокин»,Инженер-электрик,boris_54@yandex.ru,Мамонтов Феоктист Георгиевич,+7 142 781 2939,"г. Ставрополь, ул. Почтовая, д. 90, 705287",M,430927497898,minafilatov,"['https://shchukina.org/', 'https://www.eliseev.biz/', 'https://rao.info/']"
737,"ст. Лазаревское, ул. Волжская, д. 08, 976000",1995-08-07,B+,"ИП «Кудряшов, Гусев и Красильников»",Кодер,minamarkov@hotmail.com,Шестаков Дементий Артёмович,+7 (092) 325-65-75,"г. Комсомольск-на-Амуре, ул. Невского, д. 98, 684314",M,356203739563,tretjakovradislav,['http://www.npo.biz/']
738,"клх Волгодонск, ул. Курганная, д. 34, 330958",1978-04-04,B+,НПО «Журавлева»,Мотострелок,seleznevereme@hotmail.com,Ильин Андрон Димитриевич,+7 (813) 852-16-24,"г. Ельня, ул. Славянская, д. 68, 586240",M,485806435740,alla1990evgenija_2009,['http://www.rao.edu/']
739,"п. Северо-Курильск, ул. Березовая, д. 73, 303305",1983-07-23,AB-,Исакова,Сапёр,ipestov@rambler.ru,Ершова Эмилия Николаевна,+7 168 901 58 81,"г. Баксан, ул. Морозова, д. 40, 739991",F,254936477450,viktorinisaev,"['http://www.rao.edu/', 'http://www.npo.org/', 'https://www.ao.biz/']"
740,"с. Пинега, ул. Радищева, д. 00, 989546",1970-05-11,0-,"РАО «Самсонова, Симонова и Петров»",Ректор,simon1987taras_1978@mail.ru,Колобов Соломон Тихонович,+7 (635) 034-48-22,"д. Брянск, ул. Щорса, д. 71, 144662",M,397721258654,kornilkalinin,"['http://www.melnikova.net/', 'https://www.ip.biz/']"
741,"клх Алдан, ул. Азина, д. 74, 253232",2002-11-14,0-,Козлова,Штукатур,pestovsofon@mail.ru,Селиверстов Ипполит Венедиктович,+7 776 426 01 30,"ст. Тотьма, ул. Партизанская, д. 71, 602112",M,728188275220,dementevkonstantin,['http://www.muravev.org/']
742,"п. Тутаев, ул. Красноармейская, д. 30, 850162",1978-08-05,A-,Сидорова,Разведчик,grishininnokenti@gmail.com,Терентьев Мстислав Егорович,+7 770 676 80 29,"клх Юрюзань, ул. Астраханская, д. 51, 228361",M,307052849845,davidovavasilisa,"['http://www.ao.org/', 'http://www.chernova.edu/']"
743,"клх Игнашино, ул. Севастопольская, д. 99, 411314",1981-05-12,B+,НПО «Третьяков»,Особист,drozdovairina@yandex.ru,г-н. Егоров Никифор Марсович,+7 (475) 365-95-55,"к. Каспийск, ул. Крестьянская, д. 29, 969415",M,921063339989,yjudina,['http://ao.ru/']
744,"с. Новочеркасск, ул. Социалистическая, д. 51, 145976",2014-08-02,A-,Суханов,Программист,emihalov@hotmail.com,тов. Лапин Стоян Георгиевич,+7 (445) 330-1227,"к. Сыктывкар, ул. Парковая, д. 82, 792029",M,632473273080,mina28,"['https://www.larionov.net/', 'http://dmitrieva.ru/']"
745,"клх Троицк (Челяб.), ул. Речная, д. 09, 101497",1999-01-08,AB-,"АО «Гришина, Гришин и Сысоева»",Кок,oignatov@yandex.ru,Фокин Лукьян Власович,+7 (326) 037-0050,"д. Хабаровск, ул. Щорса, д. 59, 239259",M,355252643867,apollinari67,"['https://www.npo.net/', 'http://www.maslova.ru/', 'https://www.npo.org/', 'https://rao.com/']"
746,"клх Далматово, ул. Славянская, д. 71, 891778",1984-07-20,A-,РАО «Кулагин-Фокина»,Режиссёр,csokolova@yahoo.com,Кузнецов Анисим Алексеевич,+7 265 443 36 52,"д. Дагомыс, ул. Надежды, д. 92, 878465",M,833753064021,erofe67,"['https://ip.biz/', 'https://www.rao.info/']"
747,"п. Ребриха, ул. Шмидта, д. 37, 104720",1982-03-16,AB-,РАО «Блохин»,Сметчик,klavdi_03@yandex.ru,Казакова Фаина Оскаровна,+7 (529) 196-60-35,"д. Миллерово, ул. Нефтяников, д. 44, 764086",F,621839948582,belozerovaviktorija,['https://npo.org/']
748,"к. Азов (Рост.), ул. Волкова, д. 80, 480611",1994-08-22,0+,ИП «Соколова-Носова»,Комендант,orlovamilitsa@yahoo.com,Александрова Александра Михайловна,+7 899 331 78 26,"ст. Гудермес, ул. Гайдара, д. 32, 246486",F,886440744952,belousovjan,"['http://emeljanova.com/', 'https://www.npo.biz/', 'https://ip.edu/', 'http://www.rao.org/']"
749,"с. Ишим, ул. Попова, д. 40, 752466",2000-06-22,0+,ИП «Власова Коновалова»,Сварщик,ziminaanastasija@yahoo.com,Одинцов Егор Иларионовичх,+7 368 912 68 29,"г. Ржев, ул. Шаумяна, д. 33, 226826",M,067427800182,gromovevstigne,"['https://www.ao.com/', 'http://ao.biz/']"
750,"к. Невинномысск, ул. Высоцкого, д. 87, 190432",1999-12-11,AB-,РАО «Мамонтова»,Хлебопёк,judinvisheslav@gmail.com,Семенова Майя Геннадьевна,+7 983 646 4369,"д. Петухово, ул. Толстого, д. 15, 473256",F,926915715619,bogdanovanonna,"['https://npo.org/', 'https://www.arhipova.ru/']"
751,"клх Мценск, ул. Васильковая, д. 56, 297819",2003-03-15,B+,"ИП «Голубев, Гордеев и Блохин»",Инженер-лаборант,jakovlevkarp@hotmail.com,г-н. Данилов Стоян Филиппович,+7 488 873 7140,"г. Певек, ул. Щербакова, д. 30, 573979",M,538716267594,zhukovaveronika,"['https://npo.biz/', 'https://www.ip.biz/', 'http://www.ivanova.org/']"
752,"к. Псков, ул. Троицкая, д. 68, 300546",1987-10-16,0+,РАО «Сысоев Тихонова»,Дизайнер,golubeverast@mail.ru,Медведева Варвара Антоновна,+7 (133) 170-6953,"к. Кропоткин (Краснод.), ул. Черемушки, д. 38, 448426",F,530124893162,zimintit,['http://www.ao.info/']
753,"ст. Салехард, ул. Широкая, д. 17, 739681",1994-04-26,0-,АО «Александрова»,Таксист,kolesnikovleonti@mail.ru,Сысоев Эрнест Харламович,+7 (851) 824-9618,"с. Назрань, ул. Целинная, д. 12, 568723",M,392540118543,pahomovostap,"['http://www.ip.net/', 'http://npo.net/']"
754,"г. Боровск, ул. Высокая, д. 90, 024624",1989-04-27,AB-,"НПО «Авдеев, Жуков и Суханова»",Упаковщик,blinovalukija@rambler.ru,Сазонова Валерия Макаровна,+7 420 051 32 56,"клх Усть-Баргузин, ул. Прудная, д. 63, 122948",F,243617099729,egerasimov,['https://www.ao.ru/']
755,"ст. Дубна, ул. Водников, д. 37, 637436",2017-11-30,B-,ИП «Михайлова»,Продавец,gvasileva@yahoo.com,Гурьев Лазарь Авдеевич,+7 454 459 9699,"с. Всеволожск, ул. Красноярская, д. 00, 184627",M,023983235158,zkalinina,"['http://rao.biz/', 'http://rao.ru/']"
756,"с. Усть-Ишим, ул. Камская, д. 47, 780398",1977-04-19,B-,"ИП «Авдеев, Тетерина и Кузнецов»",Невропатолог,gushchinparfen@gmail.com,Шубин Венедикт Чеславович,+7 (559) 714-58-04,"п. Смоленск, ул. Космонавтов, д. 43, 490591",M,165343375167,ponomarevavarvara,"['https://www.moiseeva.info/', 'https://ip.org/', 'http://www.rao.info/', 'https://rao.edu/']"
757,"г. Североморск, ул. Вокзальная, д. 40, 676926",1987-08-09,B+,"НПО «Тихонов, Беспалова и Евдокимова»",Автослесарь,zinovisharov@rambler.ru,Елисеева Любовь Натановна,+7 (212) 314-28-36,"к. Орехово-Зуево, ул. Казачья, д. 20, 157568",F,355566235149,orlovdobroslav,"['https://rao.org/', 'http://ip.net/']"
758,"г. Всеволожск, ул. Маяковского, д. 21, 732141",2009-02-04,B-,ИП «Субботин-Беспалова»,Доярка,bogdanovaanzhelika@gmail.com,Мамонтова Ольга Матвеевна,+7 642 168 8076,"клх Устюжна, ул. Советской Армии, д. 80, 994545",F,559704496195,agapsavelev,['https://npo.edu/']
759,"д. Сковородино, ул. Луначарского, д. 11, 270171",2003-11-05,A+,АО «Николаев-Наумова»,Горнострелок,vlaskudrjashov@rambler.ru,Сидорова Мария Степановна,+7 299 439 8228,"клх Златоуст, ул. Сплавная, д. 25, 121269",F,160530893503,ukuznetsova,"['https://ao.com/', 'http://www.rao.net/', 'https://npo.com/', 'https://ao.org/']"
760,"п. Подольск, ул. Широкая, д. 27, 950525",2000-04-24,AB-,АО «Осипова Рожкова»,Искусствовед,svjatoslav1996dorofe_1976@gmail.com,Носкова Евдокия Степановна,+7 138 089 09 28,"к. Сальск, ул. Сенная, д. 20, 919246",F,676442180227,german1984gavrila_1983,"['http://rao.net/', 'http://www.yakovlev.edu/', 'http://npo.biz/']"
761,"п. Беслан, ул. Кавказская, д. 73, 348667",1971-08-07,0-,РАО «Пономарев-Мельникова»,Инженер по Технике Безопасности,nikifor93@yahoo.com,Панова Лидия Ефимовна,+7 659 389 7178,"к. Кашира, ул. Репина, д. 11, 814700",F,588782114294,bolshakovaevgenija,"['http://www.ip.info/', 'https://www.ip.edu/', 'http://semenova.org/']"
762,"д. Таштагол, ул. Энтузиастов, д. 19, 293548",1991-06-29,0+,АО «Моисеева Самойлова»,Хлебороб,loginovafevronija@gmail.com,Антонова Надежда Наумовна,+7 (415) 090-0000,"к. Чегем, ул. Энергетиков, д. 05, 240743",F,914784448187,ipat2008izjaslav_1978,['https://www.npo.ru/']
763,"п. Урай, ул. Поперечная, д. 75, 814215",1980-07-29,0-,Рожков,Морской пехотинец,davidovhristofor@hotmail.com,Анисимова Прасковья Игоревна,+7 659 765 71 24,"с. Тотьма, ул. Морозова, д. 23, 453257",F,774932298519,nekrasovjan,['http://rao.edu/']
764,"с. Салават, ул. Энгельса, д. 07, 631076",1971-01-22,AB-,НПО «Орлов Зайцев»,Клинер,orestmuhin@yandex.ru,Баранова Таисия Никифоровна,+7 233 673 0128,"к. Заводоуковск, ул. Свердлова, д. 52, 497957",F,287399537540,bzimin,"['https://ao.ru/', 'http://npo.org/']"
765,"г. Оса, ул. Свердлова, д. 24, 069171",2016-02-23,0+,АО «Мясникова Петухова»,Ихтиолог,agafon58@hotmail.com,Галкина Ирина Аскольдовна,+7 207 691 90 38,"г. Кош-Агач, ул. Павлика Морозова, д. 48, 132559",F,295552219773,blavrentev,['http://www.rao.biz/']
766,"д. Сосногорск, ул. Полярная, д. 39, 626229",1995-04-29,B+,Нестеров,Писатель,dbaranova@yahoo.com,Прохорова Вероника Даниловна,+7 (861) 190-89-41,"д. Серафимович, ул. Строительная, д. 33, 563815",F,998375751184,moiserjabov,"['http://npo.org/', 'https://www.rao.org/', 'https://novikov.ru/']"
767,"ст. Валаам, ул. Клубная, д. 67, 262277",1993-12-23,AB-,НПО «Дорофеева»,Организатор свадеб,milen73@gmail.com,Тимофеев Кондратий Борисович,+7 664 387 7600,"д. Зарайск, ул. Окружная, д. 72, 710151",M,686800154997,bojan1989maksim_1991,"['http://npo.org/', 'http://ip.com/', 'https://dmitrieva.info/']"
768,"с. Середниково, ул. Февральская, д. 31, 264927",1973-03-06,AB-,НПО «Одинцов Авдеева»,Гастроэнтеролог,makarovparamon@gmail.com,Меркушева Наина Юльевна,+7 (800) 059-98-96,"д. Светлогорск (Калин.), ул. Терешковой, д. 37, 501992",F,192113159501,evstafi66,['https://www.ao.ru/']
769,"д. Сарапул, ул. Чайкиной, д. 16, 160006",1992-05-05,0+,ИП «Суворов Авдеева»,Борт-радист,marija10@mail.ru,Беляков Конон Бориславович,+7 494 384 48 50,"п. Нязепетровск, ул. Юности, д. 66, 081186",M,218366063699,tverdislav_96,['https://aleksandrov.net/']
770,"клх Волхов, ул. Мелиораторов, д. 04, 696724",1996-02-03,0+,ИП «Ершова Субботина»,Военный юрист,voronovklavdi@hotmail.com,Одинцова Эмилия Вадимовна,+7 (140) 818-32-15,"ст. Краснодар, ул. Пожарского, д. 25, 392052",F,853930117463,jakushevkondrat,"['http://ao.ru/', 'https://ip.info/']"
771,"клх Красноярск, ул. Ручейная, д. 97, 815093",1986-10-29,A-,НПО «Кулакова Сорокин»,Автогонщик,utitova@mail.ru,Герасимова Зоя Богдановна,+7 (431) 946-37-98,"г. Аршан (Бурят.), ул. Покровская, д. 85, 208551",F,757222741491,vladilen28,"['https://miheev.edu/', 'https://www.rao.net/']"
772,"д. Ковров, ул. Проточная, д. 21, 883197",1985-03-13,AB+,АО «Мухин Павлов»,Корректировщик,mark50@yahoo.com,Белова Ия Ильинична,+7 001 205 1642,"ст. Крымск, ул. Монтажников, д. 12, 656877",F,495164114315,shilovlev,"['https://www.rao.org/', 'http://npo.com/']"
773,"п. Усинск, ул. Краснофлотская, д. 77, 264605",1978-05-07,0+,Петров,Машинист,drozdovazhanna@yandex.ru,Никитин Зиновий Еремеевич,+7 553 106 4230,"к. Объячево, ул. Весенняя, д. 08, 896775",M,887174351120,tamara_94,['https://rao.ru/']
774,"д. Белорецк, ул. Энергетическая, д. 14, 304925",1980-05-26,AB-,НПО «Белова-Белова»,Врач функциональной диагностики,fadeevmatve@gmail.com,Тихонов Федот Демьянович,+7 021 340 1348,"п. Ербогачен, ул. Кольцевая, д. 73, 911304",M,340921973643,mili82,"['http://www.rao.edu/', 'https://www.rao.info/']"
775,"с. Александровск, ул. 9 Мая, д. 63, 834608",1993-07-18,A+,АО «Афанасьев»,Иллюстратор,ija_54@mail.ru,Сергеев Лавр Эдуардович,+7 105 761 6594,"с. Ковров, ул. Элеваторная, д. 77, 016432",M,525144454864,budimir87,['http://www.rao.com/']
776,"клх Киров (Вятка), ул. Войкова, д. 72, 886420",1976-08-02,A-,Устинов,Радиомеханик,mjasnikovakira@yandex.ru,Федосеев Спиридон Ефремович,+7 (486) 057-46-96,"ст. Чехов, ул. Речная, д. 25, 358692",M,467596810853,baranovairina,"['https://www.rao.biz/', 'https://www.rao.info/', 'http://www.npo.org/', 'http://www.rao.info/']"
777,"п. Шатура, ул. Владимирская, д. 35, 560328",1990-12-14,A-,РАО «Третьякова-Бурова»,Химик-технолог,varlaam_30@yahoo.com,Горбунов Радован Ефстафьевич,+7 109 491 94 87,"д. Токсово, ул. Фурманова, д. 51, 877356",M,230474090656,romanovaljubov,['https://bespalov.edu/']
778,"ст. Кяхта, ул. Хуторская, д. 56, 491567",1971-05-13,A-,ИП «Филатов Гордеева»,Орнитолог,molchanovgerman@hotmail.com,Русаков Прохор Измаилович,+7 456 900 99 55,"с. Верхний Уфалей, ул. 40 лет Победы, д. 31, 687117",M,284666818742,savinmatve,"['http://rao.com/', 'https://www.rao.ru/', 'https://krjukova.edu/']"
779,"ст. Новая Игирма, ул. Моховая, д. 05, 495551",2016-03-22,A-,АО «Цветков Ковалев»,Инженер-гидравлик,pborisov@yahoo.com,Овчинникова Алевтина Ниловна,+7 126 511 3972,"г. Находка, ул. Высоковольтная, д. 30, 338584",F,326684602073,rdanilov,['https://ao.biz/']
780,"п. Кырен, ул. Макарова, д. 78, 480182",1987-10-19,0+,Орехов,Оториноларинголог,lazarpavlov@yandex.ru,Ковалев Борислав Валерьянович,+7 (008) 370-4878,"с. Тутончаны, ул. Каштановая, д. 85, 453727",M,830070894955,gennadi_99,['https://www.npo.biz/']
781,"д. Азов (Рост.), ул. Балтийская, д. 27, 153954",1981-12-04,0+,РАО «Кабанов Савельева»,Стрелок,samuil_82@yandex.ru,Родионов Бажен Геннадиевич,+7 (464) 750-0062,"ст. Курумкан, ул. Магистральная, д. 52, 872223",M,276833903722,elizaveta39,"['https://www.ao.biz/', 'https://mjasnikov.net/', 'http://www.npo.ru/']"
782,"г. Кингисепп, ул. Тамбовская, д. 78, 660143",1982-01-01,AB+,"ИП «Аксенова, Владимирова и Афанасьева»",Кондитер,baranovkarp@hotmail.com,Кудряшова Василиса Ефимовна,+7 722 907 6757,"клх Можга, ул. Учительская, д. 29, 515136",F,561414637588,makarovamvrosi,"['http://rao.edu/', 'http://rao.net/', 'https://ao.net/', 'http://www.lapina.ru/']"
783,"д. Троицк (Моск.), ул. Лесная, д. 24, 382306",1978-10-08,AB+,"ИП «Медведев, Медведева и Михеев»",Страховой агент,demjan92@rambler.ru,Данилов Глеб Витальевич,+7 297 666 36 12,"клх Можайск, ул. Парижской Коммуны, д. 81, 608527",M,284261916253,antonovaalla,['http://www.npo.com/']
784,"клх Челюскин, ул. Тургенева, д. 51, 496904",2011-06-27,A+,ИП «Шубина-Субботина»,Океанолог,sergekabanov@gmail.com,Ковалев Милан Еремеевич,+7 (923) 876-37-24,"г. Лянтор, ул. Мелиоративная, д. 27, 361730",M,067276214024,moise2005demid_2011,"['https://ip.ru/', 'http://ip.org/', 'https://www.ao.com/', 'https://maksimov.org/']"
785,"с. Усть-Илимск, ул. Нижняя, д. 24, 647381",1994-02-05,AB-,Ефремов,Астроном,filippovisa@hotmail.com,Вишнякова Иванна Сергеевна,+7 (531) 007-0488,"клх Игнашино, ул. Кошевого, д. 91, 872563",F,409505126201,filatovfeofan,"['https://www.ip.com/', 'http://www.rao.biz/', 'https://www.matveeva.com/']"
786,"г. Арзамас, ул. Ударная, д. 37, 107053",1977-11-12,0+,"РАО «Владимирова, Коновалов и Овчинникова»",Вокалист,uljanorehov@yandex.ru,Филатов Аггей Антонович,+7 341 522 5109,"п. Березники, ул. Восточная, д. 73, 833596",M,962517436145,ratibor20,"['http://www.sazonova.net/', 'https://litkina.info/']"
787,"с. Шаховская, ул. Привольная, д. 43, 829939",1992-03-10,B+,"НПО «Белоусова, Дмитриева и Селезнева»",Начальник склада,nifont_05@gmail.com,Носова Варвара Болеславовна,+7 929 962 6150,"д. Малоярославец, ул. Морская, д. 52, 144036",F,976021193901,feoktist34,"['http://www.birjukova.edu/', 'https://ip.info/', 'http://ip.com/', 'http://rao.info/']"
788,"п. Люберцы, ул. Красноярская, д. 56, 483394",1980-12-10,0-,"НПО «Брагина, Лыткина и Исаков»",Радиолог,gusevavarvara@gmail.com,Зайцев Ульян Богданович,+7 (829) 423-8713,"клх Пинега, ул. 40 лет Победы, д. 30, 891152",M,485107549000,bkudrjavtseva,['https://www.rao.com/']
789,"п. Клин, ул. Строителей, д. 52, 536733",2010-10-26,AB+,АО «Рогова-Некрасов»,Териолог,tdmitriev@yahoo.com,Сафонов Ульян Фомич,+7 401 162 1875,"г. Шахты, ул. Нагорная, д. 31, 095672",M,215011897666,anike59,"['https://nikiforova.biz/', 'http://www.rao.ru/', 'https://www.ao.net/', 'https://rao.net/']"
790,"п. Салехард, ул. Путевая, д. 21, 426574",2013-02-21,0+,АО «Гуляева-Потапов»,Монтажник,nina72@gmail.com,Яковлева Елизавета Эдуардовна,+7 011 679 5037,"г. Североуральск, ул. Лунная, д. 56, 854853",F,256192257032,tverdislavkonovalov,"['https://www.npo.net/', 'https://www.npo.info/']"
791,"клх Буйнакск, ул. Курчатова, д. 83, 728077",2003-04-25,AB-,ИП «Харитонов»,Командир,artemihohlov@gmail.com,Хохлов Твердислав Игнатович,+7 (963) 171-27-18,"д. Верхотурье, ул. Пролетарская, д. 50, 290595",M,985436463745,kirill77,"['http://www.npo.info/', 'https://www.ao.org/']"
792,"с. Гремячинск (Перм.), ул. Поселковая, д. 02, 312039",1978-06-10,A+,Крюков,Бортпроводник/стюард,fadeevmaksimiljan@yandex.ru,Вишнякова Татьяна Кирилловна,+7 (871) 072-4268,"к. Шелагонцы, ул. Ярославская, д. 15, 121833",F,101148091330,viktortihonov,"['http://www.ip.ru/', 'http://ilin.com/', 'https://ao.net/']"
793,"п. Андреаполь, ул. Гаражная, д. 21, 541117",2003-06-04,B+,АО «Владимирова»,Критик,ershovagap@mail.ru,Дорофеев Фирс Валерианович,+7 (452) 796-1410,"к. Соль-Илецк, ул. Проезжая, д. 50, 023038",M,348393772881,panfilmakarov,"['http://mjasnikova.ru/', 'https://ip.org/']"
794,"д. Плесецк, ул. Вольная, д. 01, 273052",1987-06-22,AB-,ИП «Сазонова-Панфилов»,Аккумуляторщик,foma1984polina_1994@rambler.ru,Елисеев Аполлинарий Егорович,+7 (826) 032-96-88,"п. Вилюйск, ул. Ростовская, д. 66, 167037",M,169460130984,jan36,"['https://www.npo.ru/', 'http://npo.com/', 'https://ip.info/']"
795,"п. Карталы, ул. Тупиковая, д. 18, 825664",2017-03-30,A+,АО «Самойлова-Одинцов»,Океанолог,akapustin@yahoo.com,Самойлов Юлий Вячеславович,+7 (856) 151-0775,"д. Салехард, ул. Культуры, д. 00, 487628",M,891522407139,averjankononov,['https://ao.edu/']
796,"г. Краснотурьинск, ул. Молодежная, д. 02, 476247",2007-09-13,A-,Буров,Банкир,andreevkasjan@yahoo.com,Белов Аникита Трифонович,+7 (785) 554-05-66,"п. Куртамыш, ул. Сахалинская, д. 44, 517534",M,946357515132,baranovsevastjan,"['http://shubina.ru/', 'https://ao.info/']"
797,"с. Сковородино, ул. Коллективная, д. 57, 970644",2013-01-19,B-,ИП «Артемьева»,Врач скорой помощи,gromovtit@rambler.ru,Сидоров Мечислав Даниилович,+7 (504) 953-9042,"ст. Верхнее Пенжино, ул. Заводская, д. 50, 964311",M,829203516889,efremovaakulina,"['http://ip.com/', 'https://sharova.biz/']"
798,"клх Невельск, ул. Ростовская, д. 97, 748083",2002-05-15,A+,"РАО «Селезнев, Беляков и Новиков»",Кузнец,merkushevgedeon@hotmail.com,Веселова Ульяна Рудольфовна,+7 (675) 887-0858,"д. Краснотурьинск, ул. Короленко, д. 78, 568969",F,512171037934,agap_61,"['https://www.kulikov.org/', 'https://www.rao.net/', 'https://beljaev.edu/']"
799,"к. Бомнак, ул. Больничная, д. 35, 100007",1988-12-12,A+,АО «Исакова Ковалева»,Артист цирка,efimovkondrati@yandex.ru,Туров Алексей Александрович,+7 (214) 190-0136,"ст. Южно-Курильск, ул. Краснодарская, д. 82, 361567",M,471179416201,uljanshashkov,"['https://www.ao.org/', 'https://www.shilova.net/']"
800,"клх Котлас, ул. Вокзальная, д. 89, 349945",1995-01-15,A+,"АО «Макаров, Михайлов и Денисова»",Няня,cmuraveva@hotmail.com,Некрасова Ульяна Алексеевна,+7 (203) 913-2695,"п. Ербогачен, ул. Березовая, д. 51, 733066",F,214165155857,guljaevaolimpiada,['https://rao.edu/']
801,"г. Можга, ул. Фрунзе, д. 23, 618030",2003-12-12,0-,Пахомов,Генетик,stepanovaeleonora@mail.ru,г-жа Ситникова Зоя Артемовна,+7 670 962 93 27,"ст. Тайшет, ул. Лесная, д. 96, 109603",F,047337816848,ustinovpavel,"['https://npo.biz/', 'http://www.ao.biz/', 'https://npo.net/', 'http://www.ao.com/']"
802,"с. Ахтубинск, ул. Торговая, д. 40, 236957",1985-11-19,0+,АО «Марков»,Критик,cfilippov@yahoo.com,Анисимова Анжелика Николаевна,+7 (921) 536-5143,"с. Железногорск(Курск.), ул. Некрасова, д. 50, 177875",F,918482115159,ruslankudrjashov,"['https://rao.info/', 'https://ao.org/', 'http://www.novikov.info/', 'http://www.rao.biz/']"
803,"с. Сыктывкар, ул. Белорусская, д. 28, 345902",1975-03-12,A-,РАО «Зайцев»,Инженер-акустик,juri08@yandex.ru,Петухова Варвара Валериевна,+7 323 472 5517,"г. Брянск, ул. Совхозная, д. 87, 481802",F,504653455675,cbeljakova,['https://ip.edu/']
804,"с. Неплюевка, ул. Лазурная, д. 00, 368620",2003-04-28,B-,"НПО «Белоусова, Шилова и Фомин»",Трейдер,emilvasilev@yahoo.com,Иванова Жанна Олеговна,+7 (313) 224-42-26,"ст. Руза, ул. Островского, д. 26, 530766",F,284967410215,evdokimovmaksim,"['https://www.ao.biz/', 'http://yakovlev.ru/', 'http://ip.com/']"
805,"п. Губаха, ул. Рылеева, д. 09, 261898",1997-08-28,B+,АО «Красильников»,Профпатолог,smirnovjuvenali@hotmail.com,Орлова Валерия Кузминична,+7 521 437 7050,"д. Горно-Алтайск, ул. Маркса, д. 88, 641185",F,744708312536,baranovermola,"['https://ao.ru/', 'http://www.gavrilov.net/']"
806,"ст. Адыгейск, ул. Кузнецкая, д. 28, 515599",2002-12-09,AB-,РАО «Устинов Калашникова»,Токсиколог,konstantinovirakli@mail.ru,Горшков Гурий Владиславович,+7 034 866 56 00,"д. Кущевская, ул. Кузнечная, д. 89, 891689",M,687638855908,faina_87,['http://www.npo.net/']
807,"г. Вендинга, ул. Выгонная, д. 48, 292911",1973-08-25,AB+,НПО «Соколова-Фокина»,Торакальный хирург,pavel78@rambler.ru,Фадеев Владилен Гертрудович,+7 563 533 2560,"ст. Гусь-Хрустальный, ул. Чкалова, д. 15, 829091",M,485463171660,maja06,"['http://www.agafonov.info/', 'https://www.rao.net/']"
808,"п. Нарым, ул. Рабочая, д. 58, 053791",2014-09-22,0-,РАО «Орехов Калашников»,Садовник,gavrilovvenedikt@mail.ru,Марков Фока Августович,+7 (461) 242-2954,"д. Лабытнанги, ул. Курортная, д. 99, 596606",M,039681021560,melnikovdemid,['https://ip.info/']
809,"г. Всеволожск, ул. Толстого, д. 85, 577503",2001-01-29,B-,РАО «Крюкова-Доронин»,Борт-стрелок,zhukovsidor@hotmail.com,Емельянова Людмила Романовна,+7 (133) 286-37-47,"клх Тавда, ул. Глинки, д. 70, 689431",F,749476768591,osipovgerasim,"['https://npo.com/', 'https://www.avdeev.biz/', 'https://www.ao.org/', 'https://www.afanaseva.com/']"
810,"клх Архыз, ул. Проезжая, д. 44, 463969",1989-03-08,B-,АО «Евдокимова»,Страховой агент,arkadi2017julian_1973@rambler.ru,Константинова Алина Тарасовна,+7 323 920 79 79,"с. Дубна, ул. Братская, д. 74, 134679",F,738549341887,potapkononov,"['http://ip.org/', 'https://www.mjasnikov.org/', 'http://ip.edu/']"
811,"п. Ревда (Сверд.), ул. Рябиновая, д. 77, 030948",2001-07-14,A-,НПО «Кудряшов»,Издатель,fortunatosipov@yahoo.com,Сорокин Ипат Георгиевич,+7 713 690 0953,"д. Касимов, ул. Средняя, д. 21, 006718",M,946009149109,morozovlev,"['https://www.ip.edu/', 'http://www.ao.net/']"
812,"клх Поронайск, ул. Рязанская, д. 16, 115250",2010-07-11,B+,АО «Горбунова»,Брейдер,kazakovserge@hotmail.com,Макарова Маргарита Игоревна,+7 (585) 690-4023,"клх Тавда, ул. Димитрова, д. 43, 174395",F,366384294656,militsa_22,"['https://npo.info/', 'https://www.ao.info/', 'https://www.npo.org/', 'http://npo.com/']"
813,"п. Томпа, ул. Минина, д. 05, 640104",2017-03-03,A+,НПО «Бирюков»,Инженер-лаборант,kabanovanike@yandex.ru,Казаков Тихон Фомич,+7 475 748 8978,"с. Хасан, ул. Тенистая, д. 03, 723315",M,282182149391,kazakovleonti,['https://www.rodionova.com/']
814,"с. Челюскин, ул. Ставропольская, д. 52, 587550",2012-08-19,0+,РАО «Гуляева Яковлева»,Корректор,kuprijandmitriev@gmail.com,Шубина Наталья Эдуардовна,+7 (789) 864-64-29,"г. Орел, ул. Тургенева, д. 89, 469304",F,231254650038,nadezhda2008lavrenti_2000,"['http://popova.org/', 'https://www.npo.edu/', 'https://ip.edu/']"
815,"п. Приозерск, ул. Ореховая, д. 67, 810576",1982-08-09,B+,"РАО «Фокин, Воробьева и Соловьев»",Кондитер,iosif1990ladislav_2008@hotmail.com,Ермакова Людмила Антоновна,+7 988 225 0654,"с. Миасс, ул. Блюхера, д. 55, 981498",F,067240591650,karpkrilov,"['https://www.ilin.com/', 'http://ip.biz/']"
816,"д. Оймякон, ул. Базарная, д. 79, 906903",1985-02-18,AB-,"АО «Пестова, Крылова и Воронцов»",Психиатр,zinovevstojan@gmail.com,Евсеева Анжела Тимуровна,+7 396 751 07 54,"с. Диксон, ул. Парковая, д. 90, 384040",F,096082086772,arhipovprokofi,['http://www.kapustin.edu/']
817,"с. Асбест, ул. Победа, д. 51, 700037",1995-12-27,A+,НПО «Богданов»,Декан,nromanov@hotmail.com,Рогов Варфоломей Александрович,+7 (788) 566-29-16,"г. Беломорск, ул. Подлесная, д. 41, 576610",M,258539250446,kondrat32,"['http://ip.net/', 'https://npo.ru/', 'http://sharapova.net/', 'http://www.ao.info/']"
818,"с. Шатой, ул. Маркса Карла, д. 80, 980303",1996-11-04,A-,Королева,Медицинская сестра,nikiforovaanastasija@hotmail.com,Гордеев Добромысл Афанасьевич,+7 (521) 742-9544,"г. Мыс Шмидта, ул. Владимирская, д. 79, 578836",M,468261076727,noskovnikola,"['https://ip.com/', 'https://ip.org/']"
819,"с. Нефтегорск (Самар.), ул. Раздольная, д. 48, 180061",1974-10-05,AB+,"ИП «Жданов, Елисеев и Ефремов»",Специалист по клеточным технологиям,novikovemil@rambler.ru,г-н. Шарапов Василий Августович,+7 (269) 614-1341,"д. Валдай, ул. Гвардейская, д. 56, 870145",M,461137037252,ljubomir1975aleksandr_1971,"['http://rao.ru/', 'http://rao.info/']"
820,"ст. Псебай, ул. Ермака, д. 12, 128092",1999-01-03,B-,ИП «Гришин»,Бактериолог,ilja2001trofim_1977@hotmail.com,Ковалева Анастасия Борисовна,+7 057 750 0335,"к. Нижний Тагил, ул. Сосновая, д. 40, 976581",F,465306722374,dmitri23,['https://ip.biz/']
821,"ст. Калевала, ул. Медицинская, д. 33, 447373",2009-02-08,A+,РАО «Ситникова Рожков»,Судья,radim94@hotmail.com,Афанасьева Ангелина Кирилловна,+7 351 479 61 41,"п. Звенигород, ул. Луначарского, д. 12, 637209",F,329666637601,blohinignati,['http://www.ip.ru/']
822,"г. Уренгой, ул. Клубная, д. 96, 309279",2004-04-03,AB-,РАО «Ситникова-Титова»,Астрохимик,anatoligorbunov@mail.ru,Борисова Майя Захаровна,+7 (372) 707-0130,"клх Черняховск, ул. Никитина, д. 40, 604256",F,589645152091,kondrati1980agge_1998,"['https://npo.edu/', 'https://www.rao.com/', 'https://ip.org/']"
823,"ст. Норильск, ул. Металлистов, д. 21, 072619",2013-05-10,B-,АО «Дорофеев»,Дипломат,ovlasov@gmail.com,Игнатова Агафья Ефимовна,+7 (038) 578-5825,"г. Верхоянск, ул. Черемуховая, д. 60, 792917",F,666230393110,ostromir78,"['https://rao.com/', 'https://npo.net/', 'https://npo.biz/']"
824,"ст. Гремячинск (Перм.), ул. Черемуховая, д. 41, 532066",1979-06-15,A-,ИП «Мартынова-Фролов»,Логопед,bolshakovstanimir@gmail.com,Филиппов Петр Ильясович,+7 (897) 341-34-81,"ст. Белореченск, ул. Механическая, д. 13, 211436",M,067669687157,zinovevruben,"['https://www.npo.ru/', 'https://npo.net/', 'https://ip.edu/']"
825,"п. Карталы, ул. Ручейная, д. 28, 372528",1974-09-09,B-,Шашкова,Военный судья,ferapontgrishin@rambler.ru,Афанасьев Ульян Даниилович,+7 (951) 377-9435,"д. Уэлен, ул. Клубная, д. 08, 473263",M,507056715610,rodionmatveev,"['https://www.antonov.edu/', 'https://ao.org/', 'https://rao.edu/']"
826,"клх Якутск, ул. Фадеева, д. 90, 044706",1999-02-15,B+,"РАО «Дроздова, Субботина и Аксенова»",Шахтёр,ustinsokolov@yandex.ru,Гордеев Викторин Ефимьевич,+7 (940) 405-51-77,"п. Шадринск, ул. Азовская, д. 51, 813430",M,520429682090,alevtina39,"['http://ip.org/', 'http://www.ao.ru/', 'http://www.rao.com/', 'http://rao.info/']"
827,"д. Жуковский, ул. Казанская, д. 20, 884671",1971-07-06,AB+,Зыков,Зенитчик,dorofeevaanna@rambler.ru,Блинов Рубен Артурович,+7 230 559 7797,"г. Лесной (Сверд.), ул. Тургенева, д. 94, 535821",M,986164189222,subbotingremislav,"['http://rao.org/', 'https://ip.edu/', 'http://www.ip.info/']"
828,"г. Калач, ул. Колхозная, д. 62, 990563",2010-03-03,0-,ИП «Брагина Гусев»,Учитель,ratmir2009ustin_1997@gmail.com,Лихачев Трифон Валентинович,+7 (679) 580-7276,"п. Баргузин, ул. Космодемьянской, д. 25, 940729",M,976642712959,leontimamontov,"['http://www.rao.info/', 'http://semenov.ru/', 'https://www.ip.ru/']"
829,"д. Миллерово, ул. Гражданская, д. 24, 706809",1997-09-25,0-,АО «Владимирова-Горбунова»,Гример,sinklitikija_77@yandex.ru,Казакова Лариса Рубеновна,+7 039 113 1126,"д. Гремячинск (Бурят.), ул. Крестьянская, д. 07, 632879",F,263812265766,judinazoja,"['https://noskov.com/', 'http://npo.net/']"
830,"г. Черняховск, ул. 9 Января, д. 51, 942435",2000-06-07,AB-,НПО «Петухов»,Метеоролог,xjakovlev@yahoo.com,Волкова Элеонора Харитоновна,+7 162 380 0751,"п. Невинномысск, ул. Российская, д. 45, 459517",F,275867834234,fade_15,['http://ip.com/']
831,"с. Туруханск, ул. Целинная, д. 00, 470331",1982-11-25,0+,АО «Юдин Игнатова»,Библиотековед,artemi_78@hotmail.com,Иванов Христофор Валерьянович,+7 829 143 5996,"п. Новороссийск, ул. Дорожная, д. 72, 282928",M,594480339280,gushchinsvetozar,['https://www.filatova.biz/']
832,"с. Луга, ул. Мусы Джалиля, д. 01, 590952",1990-01-03,AB-,РАО «Киселев»,Грейдерист,stepanovvisheslav@mail.ru,Власова Лукия Харитоновна,+7 967 459 89 13,"клх Красногорск (Моск.), ул. Октября, д. 45, 275970",F,984852597787,tvorimir73,"['http://ao.ru/', 'http://www.lapina.biz/']"
833,"клх Макаров, ул. Черемушки, д. 48, 284933",1997-02-02,A+,РАО «Антонова-Самойлов»,Инженер-строитель,dmitrievaija@yahoo.com,Гуляев Мина Ильясович,+7 419 565 7901,"г. Алапаевск, ул. Целинная, д. 83, 268811",M,760805289238,tihonovaljubov,"['http://ip.ru/', 'https://popov.edu/']"
834,"клх Аршан (Бурят.), ул. Колхозная, д. 33, 078232",2007-03-28,B-,Гришина,Мельник,lihachevbazhen@rambler.ru,Евдокимов Гурий Ерофеевич,+7 817 329 53 58,"п. Серпухов, ул. Свободы, д. 62, 365186",M,512390139814,silakozlov,"['http://www.rao.info/', 'https://rao.edu/']"
835,"клх Биробиджан, ул. Пригородная, д. 72, 769653",1983-05-23,0-,Кононова,Виноградарь,ostromir99@yandex.ru,Давыдов Виктор Ааронович,+7 412 910 1365,"д. Чикола, ул. 8-е Марта, д. 52, 562376",M,705288456158,mharitonova,"['http://chernova.org/', 'http://panova.net/']"
836,"ст. Курумкан, ул. Черемушки, д. 85, 834348",2014-02-25,AB+,ИП «Тарасов»,Инженер-системотехник,gorshkovemil@rambler.ru,Богданова Екатерина Владиславовна,+7 (932) 586-91-91,"г. Каргасок, ул. Горная, д. 97, 477093",F,609914687253,boleslav_47,['https://www.ao.net/']
837,"д. Шуя, ул. Сосновая, д. 51, 182271",2016-06-16,0-,НПО «Романова Одинцов»,Интендант,fkonovalova@yandex.ru,Ковалева Светлана Аскольдовна,+7 667 485 8679,"п. Ребриха, ул. Жданова, д. 02, 497928",F,780318138808,kovalevefim,"['http://www.ao.ru/', 'https://www.npo.info/']"
838,"п. Самара, ул. Вишневая, д. 41, 844444",2000-06-03,0-,РАО «Зимина»,Сиделка,gerasimovsavva@hotmail.com,Михайлов Степан Гаврилович,+7 (331) 043-96-79,"клх Красноуральск, ул. 8-е Марта, д. 45, 594432",M,559465171886,sharapovalora,['http://www.zinovev.com/']
839,"г. Североуральск, ул. Розы Люксембург, д. 02, 343750",2001-02-12,0-,НПО «Дорофеев»,Оператор РЛС,odanilova@yandex.ru,Пахомов Марк Фокич,+7 941 937 87 40,"д. Соль-Илецк, ул. Кузнечная, д. 70, 027926",M,751171786152,anisim1978irina_2013,['https://www.rao.edu/']
840,"ст. Буденновск, ул. Амурская, д. 53, 031330",1984-02-04,B-,ИП «Белозерова Агафонов»,Топограф,nekrasovruslan@yahoo.com,Дмитриев Эрнест Фёдорович,+7 (512) 840-12-71,"п. Тула, ул. Водников, д. 29, 203821",M,375980157122,vseslavsobolev,"['http://ip.biz/', 'https://www.rao.info/']"
841,"п. Сковородино, ул. Рабочая, д. 31, 918128",1983-07-07,B-,Медведева,Дилер,gmaslov@gmail.com,Андреева Раиса Юльевна,+7 (947) 859-9181,"клх Балтийск, ул. Дзержинского, д. 03, 246903",F,442286612690,savvati31,"['http://www.ip.biz/', 'http://www.npo.org/', 'https://www.ao.edu/']"
842,"ст. Северодвинск, ул. Славянская, д. 23, 641419",1977-03-21,B+,"ИП «Якушева, Соколова и Смирнова»",Проходчик,grishinevgraf@rambler.ru,Беляева Евгения Максимовна,+7 973 970 16 29,"ст. Комсомольск-на-Амуре, ул. Рылеева, д. 72, 159760",F,769072143326,oanisimov,['http://www.ip.info/']
843,"ст. Усть-Кулом, ул. Астраханская, д. 46, 626722",1999-11-23,AB-,АО «Мамонтова»,Налоговый инспектор,gerasimandreev@yandex.ru,Кондратьев Ефим Аверьянович,+7 471 337 89 53,"д. Губкин, ул. Слободская, д. 99, 084271",M,131487120783,nikandrmishin,"['http://www.kuzmin.org/', 'http://ao.edu/', 'https://ao.biz/', 'https://www.rao.org/']"
844,"ст. Фатеж, ул. Карла Маркса, д. 59, 918333",2015-04-05,B-,ИП «Баранов»,Медник,anzhela_25@mail.ru,Гаврилов Лонгин Устинович,+7 (297) 587-98-73,"г. Кириши, ул. Морозова, д. 44, 058985",M,639324137108,poljakovevlampi,"['http://www.ao.info/', 'http://dorofeev.org/', 'https://ao.info/']"
845,"с. Москва, ул. Партизанская, д. 09, 101813",1980-02-03,B+,Субботина,Актуарий,timofeevaolga@gmail.com,Шестакова Алевтина Ждановна,+7 (805) 456-1991,"с. Колпашево, ул. Урицкого, д. 41, 677922",F,565609840705,andronik23,['http://rao.biz/']
846,"с. Торжок, ул. Сенная, д. 93, 005855",2006-10-19,A-,НПО «Кузьмина Киселев»,Командир,merkushevbronislav@rambler.ru,Меркушева Варвара Макаровна,+7 966 382 7815,"к. Новороссийск, ул. Титова, д. 98, 331424",F,677584157054,nikolagavrilov,"['https://www.ip.biz/', 'http://ao.info/', 'http://www.grigoreva.org/']"
847,"ст. Луховицы, ул. Снежная, д. 82, 940903",1988-04-20,B+,НПО «Самсонова-Гуляева»,Почтальон,ernest_63@gmail.com,Цветков Спартак Чеславович,+7 (865) 361-9312,"ст. Магнитогорск, ул. Ветеранов, д. 41, 225038",M,059735142755,parfen1977onufri_1971,"['https://www.ao.net/', 'https://rao.ru/', 'http://www.npo.ru/', 'https://www.rao.net/']"
848,"п. Лазаревское, ул. Дружба, д. 46, 603410",1998-05-13,AB-,Рябова,Военно-полевой хирург,varfolomesorokin@rambler.ru,Дементьева Ирина Романовна,+7 (807) 149-56-96,"к. Оймякон, ул. Западная, д. 28, 724425",F,762165011650,molchanovsavva,"['https://rao.net/', 'http://rao.org/', 'https://www.rao.info/']"
849,"д. Чайковский, ул. Промышленная, д. 60, 668874",1970-05-23,B-,АО «Корнилов-Моисеева»,Нарколог,hohlovairaida@hotmail.com,Гришин Емельян Феоктистович,+7 (603) 696-81-79,"д. Горячий Ключ, ул. Геологов, д. 18, 280993",M,990698687069,vladimirovluka,['https://rao.ru/']
850,"г. Алдан, ул. Микрорайон, д. 33, 403738",1989-08-01,B+,Игнатов,Фортификатор,timofe_89@yahoo.com,Ершов Фока Димитриевич,+7 (070) 858-1833,"с. Великий Устюг, ул. Достоевского, д. 42, 815975",M,123013266951,hristofor72,"['https://titova.ru/', 'http://www.rao.org/', 'https://npo.ru/']"
851,"клх Беломорск, ул. Коммунистическая, д. 88, 335779",2013-08-25,AB-,НПО «Колобов-Зиновьева»,Водолаз,innokentisamolov@yandex.ru,Игнатьева Валерия Робертовна,+7 (895) 535-90-57,"д. Калевала, ул. Одесская, д. 48, 654427",F,836595262934,ustin_80,"['https://www.npo.net/', 'http://www.gorbunova.info/']"
852,"клх Тихвин, ул. Горная, д. 12, 406118",2005-03-16,AB-,ИП «Ширяев-Ширяева»,Библиотекарь,komarovaljubov@hotmail.com,Давыдов Гурий Георгиевич,+7 029 812 4423,"с. Сковородино, ул. Рязанская, д. 77, 162879",M,804491743950,miron1971samson_1982,"['https://www.rao.ru/', 'http://npo.biz/', 'https://www.ip.info/', 'https://ip.biz/']"
853,"ст. Санкт-Петербург, ул. Слободская, д. 99, 068643",1971-05-03,B+,Самсонова,Предприниматель,bolshakovantonin@rambler.ru,Кошелев Гордей Иларионовичх,+7 (551) 666-80-98,"д. Печора, ул. Чайковского, д. 87, 733237",M,773055299043,ratibor_29,['http://www.rodionova.net/']
854,"д. Тырныауз, ул. Коминтерна, д. 87, 261404",1994-01-12,AB+,АО «Петрова-Фролов»,Хлопокороб,vseslavvinogradov@yandex.ru,Маслов Аггей Давыдович,+7 (660) 367-29-95,"с. Мирный, ул. Володарского, д. 93, 683466",M,356790478143,svetlana_75,"['http://ip.edu/', 'https://www.ip.biz/', 'https://ao.com/', 'https://rao.edu/']"
855,"д. Архангельск, ул. Таежная, д. 35, 817076",1973-04-17,AB+,Кононов,Программист,timur_71@yahoo.com,Никонова Тамара Вячеславовна,+7 (402) 282-76-00,"к. Нефедова, ул. Ангарская, д. 97, 174097",F,497696244989,lukinsamuil,"['https://ip.edu/', 'http://www.rao.com/']"
856,"г. Ямбург, ул. Клары Цеткин, д. 94, 863487",1971-01-28,A+,Ершова,Лимфолог,ignatisidorov@hotmail.com,Гордеева Вера Сергеевна,+7 (779) 025-0692,"г. Охотск, ул. Луговая, д. 21, 677716",F,235999246169,mechislavchernov,"['https://ip.edu/', 'http://kalinina.biz/', 'http://www.rao.org/', 'http://www.kolesnikov.com/']"
857,"с. Анива, ул. Ангарская, д. 31, 168080",1994-07-25,0+,НПО «Копылова»,Диверсант,fokinaolimpiada@yandex.ru,Кулагина Ульяна Егоровна,+7 566 560 84 39,"п. Ямбург, ул. Заовражная, д. 85, 563485",F,996846810161,oktjabrina_93,"['https://www.rao.edu/', 'http://rao.biz/']"
858,"клх Чебоксары, ул. Чайкиной, д. 02, 314511",1997-08-02,A+,Дорофеева,Повар,ignatovradislav@rambler.ru,Кириллов Адам Теймуразович,+7 056 620 42 75,"ст. Псебай, ул. Монтажников, д. 61, 293785",M,975922418399,tit88,"['http://rao.com/', 'http://www.ip.biz/', 'https://www.npo.org/', 'http://rao.info/']"
859,"клх Печенга, ул. Седова, д. 14, 219503",1978-10-21,A-,Крюкова,Танцор,fedorovatamara@mail.ru,Овчинников Агап Жоресович,+7 383 689 94 87,"клх Тула, ул. Народная, д. 67, 962391",M,231904061685,shashkovjuri,"['https://www.ao.com/', 'https://www.ip.net/', 'http://www.rao.info/', 'https://rao.info/']"
860,"д. Югорск, ул. Шолохова, д. 86, 686306",1982-06-29,0+,АО «Абрамова-Новикова»,Киномеханик,nesterovdorofe@hotmail.com,Емельянова Варвара Альбертовна,+7 762 448 72 04,"п. Калач-на-Дону, ул. Ореховая, д. 77, 979354",F,170249447552,oeliseev,"['http://artemev.biz/', 'http://ao.net/']"
861,"д. Смирных, ул. Студенческая, д. 58, 911231",1983-03-22,0+,"НПО «Тихонов, Бобылева и Комиссарова»",Десантник,evdokim29@gmail.com,Лихачев Фока Юлианович,+7 662 561 47 14,"г. Углегорск, ул. Проезжая, д. 46, 952710",M,196548250311,fokinazoja,['http://rao.edu/']
862,"клх Вытегра, ул. Павлика Морозова, д. 95, 575688",2002-02-07,B-,Белозерова,Фотограф,grigorevernst@hotmail.com,Зимина Эмилия Евгеньевна,+7 090 694 10 99,"д. Мурманск, ул. Портовая, д. 04, 987274",F,753600495879,kuzminaregina,"['https://ao.org/', 'http://rao.edu/', 'http://rao.ru/', 'http://www.rao.org/']"
863,"ст. Троицк (Челяб.), ул. Дорожная, д. 12, 657334",1981-06-04,0-,РАО «Гуляева-Сергеева»,Каптенармус,gerasimovluka@yandex.ru,Устинов Ярополк Иларионовичх,+7 001 476 0552,"с. Новороссийка, ул. Полярная, д. 88, 885609",M,871079902847,kazimir1973feliks_2014,['https://ip.org/']
864,"с. Серафимович, ул. Ручейная, д. 52, 705218",1979-05-19,AB-,Меркушева,Кромкозакатчик,hmiheev@yahoo.com,Корнилов Любомир Геннадиевич,+7 280 450 37 07,"г. Верхоянск, ул. Черняховского, д. 96, 338466",M,577916046496,zuevstanimir,"['http://www.rao.com/', 'http://www.ip.net/', 'http://ip.ru/', 'http://www.ao.edu/']"
865,"д. Пышма, ул. Халтурина, д. 51, 833658",1990-05-12,0-,НПО «Крюкова»,Энтомолог,zatsevirakli@gmail.com,Нестеров Ювеналий Валентинович,+7 541 635 48 94,"д. Якутск, ул. Омская, д. 52, 145515",M,469731388559,maslovatamara,"['http://rao.biz/', 'https://npo.com/', 'https://ip.biz/']"
866,"г. Видное, ул. Калужская, д. 64, 262962",1985-05-03,A+,"РАО «Белозерова, Григорьева и Шарапов»",Инженер КИПиА,sazonovermola@mail.ru,Лукина Маргарита Борисовна,+7 (429) 127-6505,"ст. Усть-Баргузин, ул. Пригородная, д. 11, 796645",F,970292747350,juvenalibelozerov,"['http://ip.edu/', 'https://www.zatseva.edu/']"
867,"г. Егорьевск, ул. Боровая, д. 08, 635997",1982-03-30,AB-,АО «Федоров»,Инженер-технолог,kulakovavasilisa@mail.ru,Гришина Алина Константиновна,+7 156 774 1197,"г. Казань, ул. Нагорная, д. 61, 283639",F,905504992369,leontilihachev,['https://ip.org/']
868,"п. Курчатов, ул. Томская, д. 42, 819665",2009-11-18,A-,НПО «Шарова Кабанов»,Топограф,makarovaaleksandra@yandex.ru,Голубева Александра Артемовна,+7 243 605 89 40,"п. Кропоткин (Краснод.), ул. Автомобилистов, д. 67, 911521",F,358671714308,kondrat_34,"['https://rao.net/', 'https://www.ao.biz/', 'http://www.ao.info/']"
869,"ст. Кондопога, ул. Привокзальная, д. 13, 537102",2014-07-25,B-,ИП «Морозов Шарапова»,Финансист,pankratchernov@rambler.ru,Калинина Вера Аскольдовна,+7 473 364 08 44,"г. Игнашино, ул. Высокая, д. 72, 487102",F,943407526047,efimovaantonina,"['http://ip.edu/', 'https://shubina.com/']"
870,"ст. Петрозаводск, ул. Лесозаводская, д. 15, 053689",1997-05-16,0+,Кудрявцев,Сметчик,doroninippolit@mail.ru,Ершова Тамара Эльдаровна,+7 151 768 06 30,"ст. Калуга, ул. Глинки, д. 84, 160790",F,464088285614,ygorshkov,"['https://ip.net/', 'https://www.maksimov.org/', 'http://www.ao.info/', 'https://npo.biz/']"
871,"г. Торжок, ул. Пирогова, д. 60, 701513",2009-06-11,B+,ИП «Зайцева»,Холодильщик,tsvetkovvelimir@hotmail.com,Хохлов Аникита Трофимович,+7 (911) 956-91-63,"г. Гдов, ул. Трудовая, д. 75, 837720",M,559114072953,pelageja1986tverdislav_2013,"['https://www.npo.biz/', 'http://www.rao.ru/', 'http://npo.edu/', 'https://vorobeva.biz/']"
872,"д. Камышлов, ул. Тукая, д. 78, 617372",1971-10-06,B+,ИП «Анисимова Кулагина»,Орнитолог,ybespalova@hotmail.com,Крюков Прокофий Арсенович,+7 (365) 455-1288,"клх Агинское (Забайк.), ул. Нижняя, д. 45, 001074",M,894869881694,vissarion2012hariton_1997,['http://www.doronina.ru/']
873,"д. Снежинск, ул. Тихая, д. 32, 051787",2008-11-03,B+,Быкова,Механизатор,zhanna1984apollinari_1999@hotmail.com,Сафонов Симон Чеславович,+7 170 476 0652,"г. Листвянка (Иркут.), ул. Толбухина, д. 64, 459159",M,184140574672,ljudmila_82,"['http://veselova.org/', 'http://www.ip.biz/', 'http://rao.org/', 'https://www.lukin.biz/']"
874,"клх Далматово, ул. Маяковского, д. 54, 749464",1983-08-01,B+,Савина,Военный прокурор,nikolaevprokofi@yahoo.com,Титов Михей Артемьевич,+7 082 514 28 58,"с. Шенкурск, ул. Достоевского, д. 62, 977152",M,851017369004,nikodim55,['http://rao.info/']
875,"клх Нижнекамск, ул. Луначарского, д. 11, 579198",1978-05-15,A+,Зыков,Артиллерист,vissarion2012arefi_1985@gmail.com,Медведева Евфросиния Антоновна,+7 (047) 513-2634,"к. Кыштым, ул. Угловая, д. 13, 545847",F,335561595391,vasilevaanna,"['http://www.ip.net/', 'http://ip.info/', 'http://ao.com/']"
876,"г. Териберка, ул. Партизанская, д. 74, 834088",1991-05-25,B-,Семенов,Инженер-лаборант,kazimir62@rambler.ru,Блинов Потап Анисимович,+7 680 197 09 01,"ст. Ачхой Мартан, ул. Киевская, д. 00, 592542",M,472019334331,poljakovaviktorija,['https://www.muravev.ru/']
877,"г. Когалым, ул. Павлова, д. 03, 256379",1990-01-11,A+,НПО «Никитина-Белова»,Таксист,psamolov@yandex.ru,Иванов Максимильян Даниилович,+7 813 478 57 99,"с. Губаха, ул. Мичурина, д. 46, 120932",M,532903926811,spiridon48,"['http://www.npo.net/', 'https://www.ip.com/', 'http://selezneva.info/']"
878,"п. Шали, ул. Ульянова, д. 01, 466124",1983-03-13,A-,Игнатова,Контент-менеджер,lazarevvladimir@hotmail.com,Виноградов Семен Феликсович,+7 (597) 519-7039,"п. Тольятти, ул. Техническая, д. 96, 829118",M,616577524737,potapovafaina,"['https://www.nesterova.edu/', 'https://npo.ru/', 'http://ip.biz/']"
879,"с. Дивногорск, ул. Широкая, д. 49, 376396",2002-01-08,AB+,АО «Кулагина»,Врач МСЭК,xshashkova@yahoo.com,Потапов Юлиан Еремеевич,+7 (592) 032-7748,"г. Серпухов, ул. Щорса, д. 36, 631769",M,131847169038,gorbunovaklavdija,"['http://www.rao.info/', 'https://www.npo.net/', 'http://www.npo.net/', 'http://www.npo.info/']"
880,"п. Шаховская, ул. Грибоедова, д. 69, 967882",2003-04-24,AB-,АО «Петров Аксенов»,Мусорщик,uvarovnikola@yahoo.com,Михеева Милица Валентиновна,+7 113 850 22 26,"ст. Углегорск, ул. Литейная, д. 09, 505221",F,283064816394,ljubim17,"['https://rao.ru/', 'https://ip.ru/', 'https://ip.biz/']"
881,"к. Терскол, ул. Малая, д. 31, 321421",1993-05-23,AB+,АО «Самойлов»,Астрохимик,ereme87@gmail.com,Крюкова Валентина Тимофеевна,+7 (011) 535-0438,"клх Усть-Кут, ул. Станиславского, д. 40, 448465",F,984034042500,dorofeevnikifor,"['http://npo.net/', 'http://rogov.info/', 'https://ip.biz/', 'http://www.rao.org/']"
882,"г. Кудымкар, ул. Студенческая, д. 26, 230510",2014-12-18,AB-,НПО «Шилов»,Трансфузиолог,gavrilovjakub@yandex.ru,г-н. Сысоев Арсений Ануфриевич,+7 (788) 315-33-13,"с. Вытегра, ул. Интернациональная, д. 45, 487278",M,089036741099,pelageja2011arseni_1997,['http://www.kulakova.info/']
883,"с. Саратов, ул. Леонова, д. 60, 219901",2000-04-19,B+,АО «Константинов Соколова»,Офтальмолог,fnazarova@mail.ru,Константинов Лонгин Елисеевич,+7 (451) 116-5990,"д. Белоярский, ул. Томская, д. 09, 021531",M,915008001449,blinovalidija,"['https://www.anisimova.biz/', 'http://www.ao.edu/', 'https://www.npo.com/']"
884,"клх Новомосковск, ул. Верхняя, д. 69, 839007",1995-08-07,0+,"ИП «Коновалова, Блохина и Владимиров»",Повар,anisim_09@hotmail.com,Лыткина Ольга Степановна,+7 237 248 81 70,"клх Поронайск, ул. Красных Партизан, д. 25, 124770",F,823456183768,skrasilnikov,"['http://ip.ru/', 'http://komarov.org/', 'https://npo.com/']"
885,"с. Мыс Шмидта, ул. Мелиораторов, д. 47, 066489",1982-07-11,AB+,ИП «Горшкова-Артемьев»,Балерина,lalekseeva@mail.ru,Петухова Акулина Болеславовна,+7 581 595 92 93,"ст. Ирбит, ул. Черняховского, д. 35, 438595",F,811459526262,qfadeeva,"['https://terentev.com/', 'https://ao.edu/', 'http://www.npo.com/', 'https://ao.net/']"
886,"к. Междуреченский, ул. Толстого, д. 58, 454877",1993-10-05,0+,"ИП «Бирюков, Меркушева и Силин»",Лингвист,jakushevadarja@gmail.com,Носкова Антонина Вениаминовна,+7 921 834 7318,"ст. Октябрьское (Хант.), ул. Большая, д. 52, 511543",F,586651748378,fedorbolshakov,"['https://rao.edu/', 'http://rao.info/']"
887,"к. Адыгейск, ул. Ростовская, д. 31, 372005",1985-01-28,A+,Калинина,Лингвист,nadezhda2009zahar_1994@hotmail.com,Буров Орест Владленович,+7 (353) 396-91-31,"ст. Воткинск, ул. Поселковая, д. 00, 817454",M,390759614794,shchukinamargarita,['https://ao.org/']
888,"п. Гаврилов-Ям, ул. Некрасова, д. 82, 880143",1998-04-05,0+,ИП «Фролов Воробьев»,Судебный пристав,pavlovinnokenti@yandex.ru,Кулагина Иванна Львовна,+7 (774) 710-9124,"д. Усть-Калманка, ул. Севастопольская, д. 75, 302689",F,699296488836,shchukinmstislav,"['https://ao.net/', 'http://www.npo.org/', 'https://www.rao.ru/']"
889,"с. Краснокамск, ул. Войкова, д. 77, 498204",2011-08-18,A-,РАО «Третьякова Маслова»,Формовщик,ippolit_70@yahoo.com,Кудрявцев Фирс Даниилович,+7 (402) 280-9154,"п. Тихвин, ул. Новоселов, д. 58, 050280",M,948559948112,zhukovgrigori,['https://www.belousova.org/']
890,"г. Воткинск, ул. Фабричная, д. 79, 167311",2012-10-02,A-,ИП «Дорофеева-Меркушева»,Жиловщик/Обвальщик,ggushchin@yahoo.com,Фомин Константин Тимурович,+7 (323) 290-59-87,"п. Калевала, ул. Урицкого, д. 88, 660164",M,495369436144,nazarovmina,"['https://www.ao.net/', 'https://npo.info/', 'https://titova.edu/', 'http://www.ip.ru/']"
891,"с. Рыльск, ул. Новостройка, д. 52, 848203",1995-12-06,AB+,Лобанов,Физиотерапевт,veselovserge@mail.ru,Егоров Самсон Андреевич,+7 482 372 3626,"д. Пенза, ул. Тенистая, д. 09, 184605",M,984473974356,egorarhipov,"['http://rao.com/', 'http://www.ip.edu/']"
892,"клх Бологое, ул. Кольцова, д. 61, 859493",1970-02-08,AB-,ИП «Филиппов»,Танцор,jlebedeva@yandex.ru,Корнилова Маргарита Вадимовна,+7 (359) 839-3052,"п. Губаха, ул. Спортивная, д. 19, 508491",F,918948626826,poljakovgerman,"['https://npo.info/', 'https://rao.org/', 'https://ip.edu/', 'http://npo.biz/']"
893,"г. Мостовской, ул. Московская, д. 93, 150043",1985-01-10,A+,"АО «Никонова, Лапина и Захарова»",Конвоир,ilinaemilija@yandex.ru,Горбачева Зоя Егоровны,+7 (169) 590-81-32,"с. Котельнич, ул. Нефтяников, д. 70, 729017",F,128067218327,varlaam_59,"['https://ao.info/', 'https://www.ip.edu/', 'https://ao.org/']"
894,"к. Корсаков, ул. Линейная, д. 45, 193452",2016-12-18,B-,ИП «Котова»,Хлебороб,sidorovfilipp@yahoo.com,Бурова Алла Станиславовна,+7 (704) 971-51-78,"к. Курумкан, ул. Просвещения, д. 88, 733507",F,332218321476,djachkovapollon,"['http://www.fedorov.biz/', 'https://www.ip.net/', 'https://mjasnikov.com/', 'http://bogdanova.biz/']"
895,"с. Якша, ул. 70 лет Октября, д. 16, 766548",1977-12-14,B+,АО «Шестакова Суханов»,Месильщик,uvarovgavrila@yandex.ru,Зиновьева Ираида Альбертовна,+7 (988) 174-7944,"клх Жигулевск, ул. Береговая, д. 50, 457347",F,528615729154,avtonombogdanov,"['https://ip.biz/', 'https://www.npo.ru/']"
896,"п. Мончегорск, ул. Кутузова, д. 83, 935660",2000-11-24,AB-,"РАО «Дмитриева, Евсеев и Зайцев»",Промышленный альпинист,gavrila_78@yandex.ru,Куликова Ольга Ефимовна,+7 073 469 3195,"п. Воскресенск, ул. Высотная, д. 44, 702685",F,121263366960,doroninatatjana,"['https://ip.org/', 'http://www.npo.com/']"
897,"п. Горячий Ключ, ул. Энтузиастов, д. 12, 505257",2001-03-02,0+,Лыткин,Лоцман,kirillshubin@hotmail.com,Якушева Антонина Павловна,+7 (646) 291-7461,"г. Печенга, ул. Загородная, д. 03, 107453",F,773782363416,isakovaglafira,"['http://fokin.edu/', 'https://www.ao.biz/', 'https://www.npo.com/', 'https://ip.info/']"
898,"п. Саранск, ул. Гагарина, д. 86, 086533",2015-01-13,A-,"АО «Коновалов, Кошелев и Павлова»",Мастер маникюра,anike09@yandex.ru,Хохлов Потап Евстигнеевич,+7 (817) 785-5707,"к. Чебоксары, ул. Водопроводная, д. 31, 909011",M,402515508553,ziminnaum,"['http://ao.org/', 'http://ao.ru/']"
899,"д. Старая Русса, ул. 8 Марта, д. 10, 433992",2002-11-27,A+,"ИП «Пономарев, Фролов и Дмитриев»",Серпентолог,gennadibobilev@hotmail.com,Егорова Оксана Павловна,+7 636 147 2298,"клх Сочи, ул. Титова, д. 31, 974701",F,651600605180,gostomisl_85,"['http://ao.biz/', 'http://ip.net/', 'https://www.npo.org/']"
900,"клх Быково (метеост.), ул. Луговая, д. 13, 265402",1999-05-13,0+,"АО «Никонов, Уварова и Медведев»",Техник,anisimovfilimon@yahoo.com,Журавлев Сильвестр Артемьевич,+7 287 841 42 16,"клх Калачинск, ул. Приозерная, д. 33, 224519",M,185943522733,wvorobev,['https://npo.com/']
901,"д. Мытищи, ул. Сплавная, д. 48, 776215",2007-02-14,B+,"АО «Андреев, Фокин и Самойлова»",Повар,qgorbacheva@hotmail.com,Буров Исидор Александрович,+7 (645) 013-4587,"п. Морозовск, ул. Олимпийская, д. 97, 391621",M,330177680113,lapinpanfil,"['https://www.ip.com/', 'http://www.npo.edu/', 'https://ao.org/', 'https://artemev.ru/']"
902,"п. Данков, ул. Папанина, д. 12, 644630",1973-12-09,AB-,РАО «Блинова-Дмитриев»,Астрохимик,alla_80@hotmail.com,Русакова Агата Афанасьевна,+7 614 602 67 24,"ст. Черемхово, ул. Машиностроителей, д. 57, 667485",F,418002534649,milen86,"['https://www.ermakova.info/', 'https://www.npo.biz/']"
903,"к. Волгодонск, ул. Энергетиков, д. 48, 988199",1994-01-18,AB+,АО «Селезнева Юдин»,Моторист,djachkovadarja@hotmail.com,Турова Валентина Болеславовна,+7 919 362 1090,"к. Каргополь, ул. Азина, д. 17, 169061",F,695466592457,samuil2011praskovja_1994,"['https://www.timofeev.com/', 'http://www.kalashnikov.org/', 'https://www.ao.biz/', 'http://npo.net/']"
904,"к. Ревда (Сверд.), ул. 60 лет СССР, д. 76, 179512",1974-12-11,A+,РАО «Лукина»,Упаковщик,kolobovbudimir@mail.ru,Маркова Анжелика Валентиновна,+7 (492) 378-07-44,"ст. Волоколамск, ул. Нижняя, д. 35, 987231",F,009660613913,semenovippolit,"['http://www.rusakova.org/', 'http://npo.com/', 'https://ao.ru/']"
905,"ст. Химки, ул. Украинская, д. 03, 648540",2010-05-24,A-,Воронова,Серпентолог,irakli_59@rambler.ru,Воронцов Галактион Всеволодович,+7 244 132 0133,"п. Киржач, ул. Вахитова, д. 66, 093606",M,166877485846,petr1998avde_2013,['http://teterina.biz/']
906,"клх Волхов, ул. Аэродромная, д. 22, 897763",1986-08-15,0+,ИП «Некрасова-Петров»,Агроном-почвовед,mafanaseva@rambler.ru,Носков Демьян Демидович,+7 011 974 7021,"ст. Курган, ул. Индустриальная, д. 39, 546563",M,277773643592,savvati_69,"['http://www.ip.info/', 'http://www.npo.info/']"
907,"к. Сочи, ул. Строительная, д. 36, 422996",1991-11-30,B+,ИП «Доронина-Беспалов»,Бортпроводник/стюард,gfrolova@yahoo.com,тов. Сергеева Лора Николаевна,+7 (022) 063-6700,"к. Сосногорск, ул. Мостовая, д. 93, 986432",F,923491973370,klavdija_92,"['https://npo.net/', 'https://vishnjakov.org/', 'http://ip.ru/', 'http://www.npo.info/']"
908,"г. Екатеринбург, ул. Мира, д. 18, 316959",2004-02-12,0+,Блохина,Терапевт,evstafi13@mail.ru,Рогов Евлампий Григорьевич,+7 508 879 91 01,"ст. Вуктыл, ул. Лесозаводская, д. 30, 642138",M,134725102321,krjukovandronik,"['https://www.teterin.biz/', 'http://npo.edu/', 'http://www.ip.com/', 'http://npo.biz/']"
909,"к. Пушкинские Горы, ул. Советская, д. 15, 521134",2003-06-21,0+,ИП «Гришин-Григорьев»,Заточник,vseslavagafonov@mail.ru,Филатов Святополк Терентьевич,+7 (098) 137-46-79,"клх Железногорск(Курск.), ул. Бульварная, д. 57, 744805",M,009823965862,sitnikovvsevolod,"['http://npo.info/', 'https://rao.net/', 'http://www.npo.edu/', 'https://www.ao.com/']"
910,"п. Южноуральск, ул. Восточная, д. 37, 283625",2006-10-06,A+,"ИП «Тихонов, Якушева и Гущина»",Финансист,artemsobolev@rambler.ru,Ефимова Оксана Игоревна,+7 (343) 086-08-18,"ст. Баксан, ул. Гражданская, д. 70, 596656",F,889558233056,vladlenfedoseev,"['https://www.rao.info/', 'https://www.zatseva.biz/']"
911,"ст. Пышма, ул. Белинского, д. 39, 382159",2009-04-27,B+,"ИП «Мельников, Зиновьев и Дорофеев»",Юрисконсульт,volkovafevronija@gmail.com,Мартынов Савелий Андреевич,+7 (365) 137-2574,"с. Мезень, ул. Мусы Джалиля, д. 04, 041015",M,821652607702,bolshakovairaida,['http://www.ao.com/']
912,"ст. Арсеньев, ул. Целинная, д. 04, 125890",1978-07-28,B-,ИП «Дмитриев-Коновалов»,Металлург,kapustinadarja@yandex.ru,Ермаков Максим Даниилович,+7 650 511 0286,"г. Тарко-Сале, ул. Луначарского, д. 17, 740465",M,148077048010,shestakovatatjana,"['http://www.npo.ru/', 'http://ip.net/', 'http://www.ao.org/', 'http://ao.com/']"
913,"д. Кировск (Мурм.), ул. Привольная, д. 42, 749150",1988-03-08,B-,ИП «Федотова»,Начальник гаупвахты,subbotinvladlen@yahoo.com,Суворова Октябрина Харитоновна,+7 121 637 2977,"клх Белорецк, ул. Речная, д. 88, 569613",F,281873072565,kononbolshakov,"['http://ip.net/', 'https://rao.net/', 'https://npo.com/']"
914,"к. Грозный, ул. Чернышевского, д. 20, 128044",2009-09-18,AB+,НПО «Князева»,Телемастер,bronislav1999olga_1990@yahoo.com,Молчанов Куприян Германович,+7 (464) 266-1685,"с. Каргасок, ул. Дорожная, д. 08, 855304",M,406361516214,makarovaljudmila,"['http://bolshakova.ru/', 'https://rao.biz/', 'http://rao.org/']"
915,"с. Коломна, ул. 70 лет Октября, д. 68, 053413",1998-11-23,AB+,ИП «Блохина-Доронина»,Программист,baranovserafim@gmail.com,Жукова Варвара Никифоровна,+7 (139) 626-44-64,"д. Лазаревское, ул. Тополиная, д. 01, 796570",F,673288409874,moisefilatov,"['https://rao.info/', 'https://www.npo.ru/', 'https://ip.org/', 'http://ao.biz/']"
916,"клх Оха, ул. Светлая, д. 56, 432944",2008-04-14,B-,РАО «Котова-Костин»,Заряжающий,ktsvetkova@gmail.com,Соловьев Андроник Харитонович,+7 040 173 5962,"с. Нефтеюганск, ул. Молодежная, д. 46, 132682",M,531109102034,andreevaevpraksija,['https://konovalova.com/']
917,"д. Заводоуковск, ул. Чернышевского, д. 21, 903397",2016-09-29,B-,"НПО «Молчанова, Тимофеев и Мишин»",Пограничник,juvenali69@rambler.ru,Крылова Марфа Егоровна,+7 123 304 0646,"ст. Уренгой, ул. Минина, д. 78, 128229",F,381589933264,vladimirmelnikov,"['http://ip.edu/', 'http://ao.ru/']"
918,"ст. Ессентуки, ул. Кооперативная, д. 96, 015739",1986-01-12,0-,НПО «Ларионова»,Мастер маникюра,efremovmartin@yandex.ru,Яковлев Прокл Ильясович,+7 175 468 0975,"ст. Горячий Ключ, ул. Мичурина, д. 43, 879946",M,022547527694,spartakagafonov,"['http://npo.net/', 'https://www.ao.org/']"
919,"ст. Сасово, ул. Димитрова, д. 28, 891532",1977-11-20,B+,РАО «Гущина»,Воспитатель,avdeevaolimpiada@yandex.ru,Дьячков Севастьян Юльевич,+7 820 501 8351,"с. Лабытнанги, ул. Безымянная, д. 39, 503464",M,305849750040,olga2006ippolit_2004,"['http://www.ip.info/', 'http://ip.org/', 'https://ip.edu/', 'http://rao.biz/']"
920,"клх Химки, ул. Портовая, д. 10, 422461",2015-09-01,A-,АО «Давыдов-Пономарева»,Упаковщик,ermil_59@rambler.ru,Селезнев Фирс Ефстафьевич,+7 (902) 049-57-30,"г. Хасан, ул. Ольховая, д. 75, 461903",M,259141837836,ostap34,['https://blohina.net/']
921,"с. Ржев, ул. Средняя, д. 67, 198701",1978-03-14,A-,Савельева,Медицинская сестра,nikifor86@yandex.ru,Абрамов Мокей Федосьевич,+7 020 243 2060,"д. Усть-Катав, ул. Иркутская, д. 50, 661236",M,141755474011,ruben_11,['http://www.rao.net/']
922,"п. Малая Вишера, ул. Колхозная, д. 16, 327948",2009-09-30,AB+,Мясникова,Дирижёр,dorofekotov@gmail.com,Ермаков Аверкий Филиппович,+7 694 721 17 00,"ст. Горячинск, ул. Кленовая, д. 35, 454812",M,879313093969,tretjakovazhanna,['https://www.kostina.ru/']
923,"ст. Буйнакск, ул. Станционная, д. 90, 731374",1981-07-24,0+,НПО «Чернов»,Лифтёр,miron2012miroslav_2007@rambler.ru,Бобров Радислав Измаилович,+7 (265) 379-5556,"д. Вендинга, ул. Ермака, д. 32, 001400",M,478430864580,spiridon1982ernest_1972,"['http://ip.biz/', 'http://ao.ru/', 'https://www.ip.net/']"
924,"к. Петушки, ул. Уральская, д. 59, 148678",1986-12-16,0+,РАО «Громова»,Швея,amvrosialeksandrov@gmail.com,Исакова Вероника Валентиновна,+7 (442) 045-29-18,"к. Барнаул, ул. Смоленская, д. 05, 532950",F,197722721032,kovalevnikon,"['http://npo.org/', 'https://www.rao.edu/']"
925,"д. Инта, ул. Деповская, д. 31, 572842",1996-12-27,A-,ИП «Владимиров-Емельянова»,Машинистка,jfilippov@rambler.ru,Евдокимов Велимир Адамович,+7 478 282 4599,"с. Смирных, ул. Краснопартизанская, д. 34, 837574",M,483588947473,timofeevmstislav,"['https://npo.net/', 'https://www.beljaeva.biz/', 'http://npo.info/', 'http://www.npo.info/']"
926,"д. Светлогорск (Калин.), ул. Маркса Карла, д. 00, 251740",1971-09-08,0-,ИП «Фадеев-Константинов»,Метранпаж,ctitov@rambler.ru,Власова Дарья Леонидовна,+7 629 065 66 28,"к. Амдерма, ул. Чапаева, д. 32, 549427",F,080767376957,haritonovpotap,"['https://npo.info/', 'http://ip.edu/', 'https://www.ip.edu/']"
927,"к. Красноярск, ул. Хуторская, д. 51, 362765",2007-07-07,B-,АО «Кабанова Захарова»,Финансист,shchukinavarvara@hotmail.com,Кошелева Елизавета Вениаминовна,+7 401 104 2273,"п. Джубга, ул. Сельская, д. 15, 116779",F,218065799158,ivan1987stanimir_2009,['https://www.ip.ru/']
928,"д. Абинск, ул. Аэродромная, д. 96, 123932",2002-11-28,B+,НПО «Зыкова»,Кондитер,praskovja1983simon_1993@yahoo.com,Егорова Зинаида Юльевна,+7 (448) 268-1943,"с. Катав-Ивановск, ул. Театральная, д. 03, 386460",F,606557667352,milan_74,['http://emeljanova.edu/']
929,"клх Игарка, ул. Фабричная, д. 59, 466906",1988-08-17,A+,НПО «Авдеева-Кузьмин»,Библиотекарь,bikovkim@rambler.ru,Тимофеева Клавдия Феликсовна,+7 609 452 4662,"к. Сызрань, ул. Верхняя, д. 57, 120493",F,642566119913,tihonzikov,"['http://www.ao.net/', 'http://www.grigorev.com/', 'https://ao.net/']"
930,"к. Середниково, ул. Физкультурная, д. 38, 380571",1980-02-09,AB+,НПО «Исаев-Громов»,Реставратор,pantonova@yandex.ru,Фадеев Андрон Всеволодович,+7 305 362 48 91,"ст. Новая Игирма, ул. Спартака, д. 14, 757479",M,858401805279,strelkovanadezhda,"['http://www.rao.ru/', 'http://ip.edu/']"
931,"п. Ейск, ул. Кольцевая, д. 49, 245558",2015-12-13,0+,"РАО «Филатов, Новиков и Фокин»",Кузнец,pavel71@yahoo.com,Савельева Евгения Леонидовна,+7 060 991 76 76,"г. Чикола, ул. Терешковой, д. 35, 037279",F,173190750427,evstafi51,['http://rao.ru/']
932,"к. Красноуфимск, ул. Локомотивная, д. 21, 921327",1999-01-21,AB+,РАО «Некрасов»,Начальник гаупвахты,aleksandrovamarija@mail.ru,Суханов Каллистрат Тарасович,+7 (896) 296-11-78,"к. Александров, ул. Курчатова, д. 25, 474489",M,633121444871,rlazareva,"['https://www.ip.com/', 'https://www.ip.ru/', 'https://ip.ru/']"
933,"г. Аршан (Бурят.), ул. Портовая, д. 93, 583378",1975-11-06,A-,Нестеров,Тракторист,kornilovtit@mail.ru,Авдеев Исай Трифонович,+7 131 263 2747,"с. Каргасок, ул. Урицкого, д. 90, 480863",M,482170197072,borisemeljanov,"['https://www.rao.com/', 'https://rao.edu/', 'http://ao.info/']"
934,"к. Кизилюрт, ул. Тульская, д. 70, 973332",1973-06-25,0-,РАО «Фролов-Щербакова»,Программист,naum1973olga_1986@gmail.com,Денисов Валерий Фадеевич,+7 (201) 966-2065,"к. Сарапул, ул. Угловая, д. 91, 724370",M,042074541030,timofe1987seliverst_2008,"['http://www.ip.edu/', 'http://www.rao.ru/', 'https://ao.net/', 'https://www.gerasimov.biz/']"
935,"к. Чегем, ул. Волочаевская, д. 33, 293302",1973-07-24,AB+,"АО «Кошелева, Егоров и Алексеев»",Косметолог,gmironova@rambler.ru,Миронова Элеонора Ивановна,+7 (929) 126-02-99,"п. Оймякон, ул. Шишкина, д. 61, 726564",F,197979475732,epifan18,['http://bobrov.net/']
936,"клх Шаховская, ул. Мелиоративная, д. 80, 087407",2013-05-18,AB-,РАО «Петрова-Киселев»,Футуролог,andronbespalov@rambler.ru,Богданов Изяслав Аксёнович,+7 863 930 4999,"п. Тюмень, ул. Черемуховая, д. 11, 081494",M,385842948454,samsonovaverki,"['https://ip.net/', 'http://ao.org/']"
937,"к. Тихорецк, ул. Озерная, д. 71, 256561",2014-02-07,AB-,АО «Зуев-Воронов»,Дизайнер,ninel_97@yahoo.com,Колесникова Лора Феликсовна,+7 248 752 7675,"г. Можга, ул. Песочная, д. 77, 998418",F,336757081513,lapinamaja,"['http://www.ip.ru/', 'http://ip.ru/']"
938,"г. Йошкар-Ола, ул. Ясная, д. 01, 822936",2017-03-04,0-,"НПО «Дементьева, Ершова и Ларионов»",Повар,kulakovaeleonora@yahoo.com,Журавлева Евдокия Михайловна,+7 (181) 729-2271,"п. Бийск, ул. Нижняя, д. 51, 407175",F,374300265212,lukjanfadeev,"['http://www.npo.com/', 'https://www.ao.ru/', 'http://www.ao.ru/']"
939,"клх Ярославль, ул. Тельмана, д. 73, 947865",1972-06-29,0+,НПО «Иванов»,Робототехник,gushchinfrol@mail.ru,Жукова Антонина Артемовна,+7 924 235 0618,"г. Канск, ул. Тепличная, д. 41, 544270",F,657897346669,shilovsavvati,"['https://www.titova.com/', 'https://www.semenova.ru/', 'http://rao.biz/', 'https://www.ip.net/']"
940,"к. Самара, ул. Прохладная, д. 06, 902631",2014-03-30,B-,РАО «Васильева»,Финансист,lobanovafaina@yandex.ru,Мухина Светлана Артемовна,+7 612 615 9158,"ст. Горно-Алтайск, ул. Братская, д. 16, 912219",F,727871776183,aristarh72,"['https://www.ip.biz/', 'https://ao.net/']"
941,"клх Бийск, ул. Октября, д. 32, 118380",1989-12-19,AB+,НПО «Ефремова-Гусева»,Судья,martinovamilitsa@mail.ru,Фокина Ия Николаевна,+7 013 014 2698,"г. Иркутск, ул. Зеленая, д. 49, 296555",F,949208485319,bespalovasvetlana,"['https://ip.ru/', 'https://www.ao.com/', 'https://www.ao.biz/', 'https://www.ip.ru/']"
942,"д. Асбест, ул. Прудовая, д. 21, 757763",1998-03-25,A-,АО «Ковалева Селиверстов»,Лётчик,sobolevmina@gmail.com,Мельникова Акулина Юрьевна,+7 (251) 196-05-78,"ст. Мезень, ул. Ленинская, д. 21, 459366",F,499286519929,lobanovapraskovja,['http://rao.info/']
943,"г. Карачаевск, ул. Черноморская, д. 50, 560541",2005-12-17,A+,"РАО «Журавлев, Борисова и Александрова»",Каскадёр,klimentkulagin@yandex.ru,Кириллова Фёкла Григорьевна,+7 484 567 99 04,"ст. Долинск, ул. Шахтерская, д. 65, 251663",F,260702546873,makar1972evstigne_2007,"['http://www.pestova.edu/', 'http://www.ovchinnikova.biz/']"
944,"п. Нижнекамск, ул. Полярная, д. 13, 012617",2007-12-23,AB-,Ларионов,Модельер,kabanovatatjana@mail.ru,Сысоев Аверкий Дмитриевич,+7 (593) 788-4118,"с. Шенкурск, ул. Пирогова, д. 06, 022986",M,456990840027,kbelova,['https://nazarov.biz/']
945,"с. Яшалта, ул. Дзержинского, д. 45, 455299",1976-08-28,B+,АО «Тимофеева-Новикова»,Невропатолог,galaktion2013varvara_1998@gmail.com,Мартынов Ювеналий Гаврилович,+7 (331) 992-3178,"к. Кудымкар, ул. Шмидта, д. 16, 901126",M,264153619922,potap85,"['http://www.ip.info/', 'http://ip.org/', 'https://fomicheva.edu/']"
946,"к. Кетченеры, ул. 8-е Марта, д. 68, 026331",1993-12-04,A+,"ИП «Михеев, Евдокимова и Данилова»",Тыловик,nazarovanina@gmail.com,Полякова Маргарита Вячеславовна,+7 (213) 118-5836,"п. Кяхта, ул. Коммуны, д. 93, 353554",F,829575612905,erastsokolov,"['https://www.npo.edu/', 'http://www.npo.com/']"
947,"п. Ухта, ул. Астраханская, д. 38, 705843",1981-06-05,A-,АО «Шашков-Стрелков»,Канонир,radim1985zhanna_1986@yandex.ru,тов. Богданов Мирон Абрамович,+7 (274) 513-2405,"д. Воскресенск, ул. Чайковского, д. 93, 703359",M,015649268854,lukjan1988ljubosmisl_1977,"['https://www.ip.com/', 'http://ao.biz/']"
948,"клх Пятигорск, ул. Ленинградская, д. 06, 738105",2003-11-21,A-,РАО «Фокина Евдокимова»,Дерматолог,kuprijan_14@hotmail.com,Воробьева Ирина Яковлевна,+7 (845) 169-55-44,"к. Брянск, ул. 70 лет Октября, д. 92, 408895",F,880969343025,gushchinbazhen,['http://ao.info/']
949,"ст. Луховицы, ул. Строительная, д. 05, 103707",1973-06-13,A+,НПО «Казакова-Семенов»,Токарь-карусельщик,mihe11@mail.ru,Беляев Роман Фролович,+7 796 128 6014,"клх Бронницы, ул. Воровского, д. 22, 829538",M,718049171037,vasilisa1977arkadi_2016,['https://www.npo.info/']
950,"с. Геленджик, ул. Советская, д. 44, 143820",1976-01-28,A+,НПО «Мамонтова Рябова»,Дипломат,viktor1996andronik_1985@yahoo.com,Пахомов Арсений Якубович,+7 025 334 7008,"п. Нарьян-Мар, ул. Путевая, д. 08, 200462",M,371693537286,titovaolga,"['https://rao.net/', 'http://www.ao.ru/', 'https://www.ip.ru/', 'https://www.rao.biz/']"
951,"к. Сладково, ул. Тельмана, д. 23, 013199",1994-01-18,B-,НПО «Антонов Цветкова»,Сыровар,maslovafekla@yahoo.com,Бирюков Александр Изотович,+7 (227) 242-4995,"п. Оймякон, ул. Колхозная, д. 29, 079916",M,110003893127,nvladimirova,"['http://www.ao.org/', 'https://www.ip.info/', 'http://npo.net/', 'http://ao.net/']"
952,"п. Ростов-на-Дону, ул. Цветочная, д. 06, 562068",1978-04-14,A+,ИП «Зайцев-Некрасова»,Сурдопедагог,wpestov@mail.ru,тов. Меркушев Евсей Ааронович,+7 661 981 06 22,"клх Эльбрус, ул. Торговая, д. 59, 260889",M,279543709798,ustinfrolov,"['http://tsvetkova.info/', 'https://npo.biz/', 'https://www.maksimov.ru/', 'https://www.ip.biz/']"
953,"клх Сыктывкар, ул. Ольховая, д. 07, 297322",2006-12-12,A-,НПО «Быков Игнатьева»,Нейрохирург,qfedorov@gmail.com,Лобанова Варвара Геннадьевна,+7 (568) 381-1516,"ст. Юровск, ул. Карьерная, д. 83, 837626",F,157860532762,dlapin,"['https://www.ip.info/', 'http://www.npo.net/', 'http://npo.biz/', 'https://www.rao.biz/']"
954,"ст. Кизилюрт, ул. Орджоникидзе, д. 62, 722154",2017-01-12,0+,РАО «Пахомова-Бобылев»,Штукатур,firsfrolov@hotmail.com,Петухов Глеб Филиппович,+7 488 899 00 54,"ст. Катайск, ул. 40 лет Октября, д. 16, 228360",M,453475329415,ostromir_13,['http://www.bragin.edu/']
955,"г. Иваново, ул. Кузнецова, д. 04, 748956",1980-03-13,AB+,НПО «Кудрявцева Зуева»,Медицинская сестра,mark43@yandex.ru,Ларионов Федор Арсеньевич,+7 (204) 338-8565,"ст. Верхний Тагил, ул. Горького, д. 19, 805571",M,676631434526,kolobovnestor,"['http://www.loginova.com/', 'https://rao.com/', 'http://www.npo.ru/', 'http://ip.ru/']"
956,"клх Бологое, ул. Привольная, д. 19, 174233",1991-12-28,0-,ИП «Маслова»,Тыловик,pterentev@yandex.ru,Беляева Марина Кузминична,+7 (487) 536-0215,"п. Миллерово, ул. Кузнецкая, д. 02, 347060",F,110133670477,juri1970adrian_1996,"['https://www.ip.org/', 'http://www.npo.com/']"
957,"с. Батайск, ул. Курчатова, д. 71, 589079",1980-06-09,0-,ИП «Кузнецов-Егорова»,Кинодраматург,zuevkliment@mail.ru,Рожков Прохор Александрович,+7 397 245 0520,"к. Южноуральск, ул. Белорусская, д. 01, 636609",M,261047168305,frolshchukin,"['https://www.ip.ru/', 'https://www.ip.edu/', 'http://www.ivanov.org/']"
958,"клх Усть-Ишим, ул. Шмидта, д. 20, 163026",1984-10-07,0+,АО «Мамонтова Нестерова»,Тележурналист,gevdokimova@mail.ru,Степанов Сергей Геннадиевич,+7 (662) 339-87-88,"клх Горно-Алтайск, ул. Литейная, д. 66, 434814",M,314357430377,petuhovaevdokija,"['https://rao.com/', 'https://rao.net/', 'https://www.ip.info/', 'https://ip.net/']"
959,"г. Объячево, ул. Пирогова, д. 07, 307387",1986-09-22,B+,АО «Лыткина-Крылова»,Верстальщик,maslovaalevtina@hotmail.com,Мясникова Фаина Петровна,+7 142 600 0464,"п. Чусовой, ул. Гагарина, д. 81, 663837",F,078058087341,efremovmatve,"['http://www.rao.ru/', 'http://www.rao.com/', 'https://www.rao.biz/']"
960,"клх Хасавюрт, ул. Энтузиастов, д. 21, 506788",1995-01-30,B+,Михеева,Серпентолог,kolesnikovdmitri@yandex.ru,Рябова Пелагея Филипповна,+7 (945) 759-72-29,"к. Кяхта, ул. Молодежная, д. 24, 336047",F,929336794111,valentin1973moke_1984,"['https://www.gavrilova.com/', 'https://www.teterin.net/']"
961,"ст. Уссурийск, ул. Никитина, д. 87, 076080",2007-05-23,0+,НПО «Беляева»,Ихтиолог,gushchinevdokim@hotmail.com,Ефимов Адам Игнатович,+7 (309) 232-66-32,"ст. Нерчинск, ул. Кузнечная, д. 30, 299477",M,311499671114,btimofeev,"['http://www.npo.org/', 'https://www.ao.net/', 'http://npo.biz/', 'https://npo.info/']"
962,"д. Осташков, ул. Лермонтова, д. 18, 958568",1990-09-21,AB+,Сафонов,Эксперт-криминалист,miheevsamuil@hotmail.com,Горшков Касьян Демидович,+7 387 376 99 69,"клх Мокшан, ул. Юбилейная, д. 54, 139020",M,143527256336,lihachevpolikarp,['https://rao.edu/']
963,"д. Салехард, ул. Средняя, д. 29, 806947",1976-05-22,B+,АО «Степанов Андреева»,Командир,rsisoeva@mail.ru,Панов Демьян Валерьевич,+7 (113) 145-02-35,"г. Петропавловск-Камчатский, ул. Минина, д. 17, 699121",M,236804096651,vissarion1996raisa_1998,"['https://rao.info/', 'http://baranova.ru/', 'http://rao.com/', 'http://www.ip.info/']"
964,"д. Лодейное Поле, ул. Воронежская, д. 28, 805664",2008-11-30,0+,"АО «Филиппов, Туров и Сафонова»",Инженер-акустик,boris2008vikenti_1983@hotmail.com,Евдокимов Елисей Брониславович,+7 727 477 37 20,"п. Радужный, ул. Парковая, д. 65, 835686",M,601484904684,dmitri47,"['https://rao.ru/', 'https://www.ip.biz/', 'https://www.ao.edu/', 'http://www.ao.info/']"
965,"к. Пенза, ул. Волжская, д. 77, 339776",1972-11-19,AB+,НПО «Фомина-Петров»,Повар,merkushevstojan@mail.ru,Мартынова Вероника Святославовна,+7 (777) 139-46-68,"п. Снежногорск (Мурм.), ул. Казанская, д. 44, 728701",F,698737057932,samuil_08,['https://www.zimin.edu/']
966,"ст. Тюмень, ул. Верхняя, д. 87, 378542",1991-10-18,B+,АО «Комиссаров-Колесникова»,Продавец,kuzmashubin@yahoo.com,Рожкова Маргарита Юрьевна,+7 (967) 183-1540,"ст. Шелехов, ул. Центральная, д. 99, 085735",F,275588912683,lsoboleva,"['http://rao.ru/', 'https://www.ao.org/']"
967,"д. Чикола, ул. Красина, д. 75, 577690",1985-08-12,A+,ИП «Колобов»,Дипломат,romanovapolina@gmail.com,Сафонов Остап Жанович,+7 (310) 995-5599,"к. Новосибирск, ул. Маркса Карла, д. 18, 480323",M,108487541980,boris35,['http://krasilnikova.info/']
968,"к. Верещагино (Перм.), ул. Терешковой, д. 88, 859232",1985-04-14,0+,АО «Пахомов-Борисов»,Товаровед,lobanovterenti@hotmail.com,Кошелев Светозар Эдгарович,+7 (624) 472-3815,"к. Зеленогорск (Ленин.), ул. Республиканская, д. 98, 524979",M,306912010718,natanevdokimov,"['https://ip.biz/', 'https://www.rao.info/']"
969,"ст. Карачаевск, ул. Курортная, д. 35, 043310",1972-08-09,AB-,ИП «Кабанова Рябова»,Гематолог,tsuhanov@gmail.com,Новикова Лора Леоновна,+7 761 507 5321,"с. Каменск-Шахтинский, ул. Ленина, д. 46, 743898",F,116408258131,agata1980mili_1970,"['https://www.npo.net/', 'https://www.ao.com/', 'http://orlova.edu/', 'http://www.ao.ru/']"
970,"д. Сарапул, ул. О.Кошевого, д. 48, 120791",1983-04-30,0-,АО «Лобанова Доронина»,Бармен,janmaksimov@yahoo.com,Захаров Ефим Трофимович,+7 (275) 509-6582,"к. Магас, ул. Вишневая, д. 82, 951107",M,381388562939,anike_62,"['https://npo.edu/', 'http://ao.biz/', 'https://ip.org/']"
971,"г. Абинск, ул. Флотская, д. 95, 496019",1985-03-28,0-,РАО «Панов»,Дипломатический работник,eduard_64@gmail.com,Давыдов Влас Исидорович,+7 581 663 19 09,"к. Краснотурьинск, ул. Донская, д. 12, 841759",M,900008327422,firs2000nifont_1983,"['http://npo.ru/', 'https://ao.edu/', 'https://www.rao.org/']"
972,"клх Сургут (Хант.), ул. Бригадная, д. 98, 711106",1972-12-20,B-,"ИП «Наумов, Васильева и Воронцов»",Горнострелок,belovafekla@hotmail.com,г-н. Блохин Мефодий Даниилович,+7 949 779 3707,"к. Звенигород, ул. Мостовая, д. 13, 661407",M,767389903558,ikulakova,"['http://npo.com/', 'http://ip.ru/']"
973,"к. Йошкар-Ола, ул. Попова, д. 61, 033378",1971-07-02,B-,НПО «Лукин Новиков»,Веб-мастер,solovevsidor@yahoo.com,Никифоров Милован Афанасьевич,+7 767 183 8445,"с. Вилюйск, ул. Высоцкого, д. 62, 404353",M,469376031333,lazarevasofija,"['http://www.rao.biz/', 'https://www.rao.info/', 'http://www.npo.info/', 'https://www.npo.ru/']"
974,"к. Раменское, ул. Чехова, д. 06, 790009",1999-03-11,AB+,Якушева,Каменотёс,efimovmartjan@rambler.ru,Селезнева Нина Альбертовна,+7 (997) 164-71-29,"к. Дзержинск, ул. Высоковольтная, д. 36, 550192",F,433816918888,zosima1976mili_1993,['http://www.ao.ru/']
975,"клх Поронайск, ул. Фрунзе, д. 30, 485211",1989-01-19,0-,"РАО «Евсеев, Осипов и Прохорова»",Сапожник,xmuhina@mail.ru,Козлов Аким Глебович,+7 (616) 364-31-17,"п. Сыктывкар, ул. Северная, д. 44, 917812",M,483730632903,pankrat_35,"['http://www.anisimov.info/', 'https://ao.edu/', 'https://www.ip.edu/', 'http://www.grishin.edu/']"
976,"д. Мирный, ул. Олимпийская, д. 54, 156056",1976-04-17,B-,НПО «Капустин»,Биолог,cgrigoreva@rambler.ru,Зуева Вера Рубеновна,+7 (602) 109-60-48,"п. Валдай, ул. Харьковская, д. 09, 426098",F,384989734596,demjan1981vladlen_1990,['http://titova.edu/']
977,"г. Малгобек, ул. Медицинская, д. 35, 493739",1971-02-16,A-,РАО «Ситников-Самсонов»,Метрдотель,shcherbakovamaja@gmail.com,Данилова Вера Ефимовна,+7 382 567 3355,"с. Оренбург, ул. Народная, д. 04, 797758",F,571420369286,vissarion_50,"['http://www.npo.info/', 'http://www.npo.net/']"
978,"г. Кизилюрт, ул. Крылова, д. 44, 205428",1987-12-28,AB-,Мельников,Командир,ferapont_83@gmail.com,Елисеев Никандр Евсеевич,+7 (925) 165-7305,"п. Киров (Вятка), ул. Водопроводная, д. 60, 619916",M,281113801713,firs1976anna_1999,"['https://rao.com/', 'http://www.rao.ru/', 'http://www.npo.net/']"
979,"г. Юровск, ул. Волочаевская, д. 80, 747739",1980-08-27,AB-,РАО «Федосеев»,Брокер,apollon29@rambler.ru,Ширяева Надежда Леоновна,+7 (623) 079-45-15,"с. Нарьян-Мар, ул. Таманская, д. 28, 621805",F,382697705636,serafim1988fedor_2008,"['http://npo.com/', 'https://rao.ru/', 'http://npo.info/', 'https://ip.info/']"
980,"д. Ачхой Мартан, ул. Снежная, д. 55, 814012",1976-10-21,0+,Пестов,Иллюстратор,muravevaviktorija@yahoo.com,Михайлова Ираида Викторовна,+7 (935) 679-4629,"клх Владикавказ, ул. Медицинская, д. 46, 543776",F,521405692037,borisovfilimon,"['http://ao.org/', 'http://www.rao.biz/', 'https://www.ao.org/', 'https://www.ao.org/']"
981,"клх Эльтон, ул. Коллективная, д. 25, 156866",2017-03-22,0+,Давыдова,Кинорежиссер,mihegerasimov@yahoo.com,Пахомов Эрнст Матвеевич,+7 (341) 091-27-67,"п. Гагарин, ул. Семашко, д. 78, 767298",M,886754622783,psorokina,"['https://ao.com/', 'https://npo.ru/', 'https://www.npo.info/']"
982,"к. Избербаш, ул. Песчаная, д. 00, 089891",1974-03-12,AB-,АО «Козлов-Сафонова»,Диктор,mitofan_09@yahoo.com,Федосеева Марфа Мироновна,+7 624 642 2724,"клх Шуя, ул. Серафимовича, д. 06, 405315",F,451031311712,viktorin_26,['https://npo.biz/']
983,"к. Кировск (Ленин.), ул. Просторная, д. 38, 182424",2017-08-04,B-,РАО «Кабанова-Фадеева»,Военнослужащий,bolshakovvlas@yandex.ru,Турова Анжелика Вениаминовна,+7 077 672 8229,"д. Петропавловск-Камчатский, ул. Войкова, д. 67, 910269",F,859021792715,androngorbachev,['http://www.rao.biz/']
984,"с. Борзя, ул. Целинная, д. 42, 104253",1973-10-14,0-,АО «Меркушев Фомина»,Няня,kzhuravlev@gmail.com,Ковалев Корнил Исидорович,+7 (594) 415-70-85,"с. Сочи, ул. Южная, д. 94, 657052",M,589278030818,evdokija30,['https://www.rao.com/']
985,"с. Устюжна, ул. Морская, д. 43, 767785",1971-07-09,B+,"НПО «Калашников, Соболев и Баранов»",Хореограф,vadim_02@yahoo.com,Волков Ефрем Ааронович,+7 763 387 6784,"к. Яхрома, ул. Прудная, д. 07, 170373",M,656155275311,evlampi_63,['http://npo.biz/']
986,"клх Соликамск, ул. Энергетиков, д. 85, 063148",1993-08-10,B+,Терентьев,Официант,lukjan2016kirill_2003@gmail.com,Рябов Андрон Ефстафьевич,+7 (856) 695-0993,"к. Александровск-Сахалинский, ул. Терешковой, д. 52, 416282",M,412588379084,onufri82,"['https://rao.net/', 'http://www.rao.edu/']"
987,"клх Киржач, ул. Мирная, д. 21, 926995",1973-12-18,AB-,Кудрявцев,Тальман,miheevaoktjabrina@yandex.ru,Белоусов Фирс Иосипович,+7 (205) 870-2420,"д. Карабудахкент, ул. Дальневосточная, д. 90, 837109",M,779648925489,harlampifedoseev,"['http://www.beljaeva.ru/', 'https://www.npo.net/', 'https://rao.info/']"
988,"к. Буйнакск, ул. Привокзальная, д. 54, 664696",1992-07-05,B-,НПО «Полякова Исаева»,Воспитатель,rkomarova@mail.ru,Баранов Ерофей Евсеевич,+7 (464) 578-3769,"ст. Луга, ул. Шоссейная, д. 48, 396762",M,242811422999,avtonom1994izot_2008,['https://andreev.com/']
989,"клх Пенза, ул. Томская, д. 63, 436345",1984-08-05,AB-,Воронцова,Танкист,korehov@yandex.ru,Евдокимова Елена Яковлевна,+7 237 833 54 14,"г. Инта, ул. Котовского, д. 59, 934731",F,196369517408,odjachkov,"['http://www.bespalov.edu/', 'https://ip.biz/', 'https://www.ip.net/']"
990,"п. Орск, ул. Васильковая, д. 27, 851011",1979-07-27,A-,НПО «Мишина Владимирова»,Борт-механик,sharapovamarfa@hotmail.com,Дорофеева София Кирилловна,+7 313 085 53 48,"к. Чокурдах, ул. Труда, д. 06, 989616",F,442942412073,feoktist00,"['http://www.rao.net/', 'https://www.kondratev.info/']"
991,"ст. Углич, ул. Коминтерна, д. 94, 354346",2008-06-14,B-,РАО «Артемьев-Михеева»,Врач МСЭК,filipp63@yahoo.com,Зуева Иванна Руслановна,+7 (944) 303-6514,"к. Калевала, ул. Металлистов, д. 59, 852882",F,416880903096,emilija70,"['http://npo.org/', 'http://www.baranova.com/', 'http://www.ao.org/']"
992,"г. Александровск, ул. Моховая, д. 08, 760684",1999-08-13,0+,НПО «Шилова-Харитонов»,Системный администратор,suhanovfoma@mail.ru,тов. Дмитриев Аверкий Федосьевич,+7 (620) 510-94-17,"с. Оса, ул. Рабочая, д. 88, 161086",M,469016918877,nesterovharlampi,['http://npo.info/']
993,"д. Мураши, ул. Путейская, д. 86, 762280",1988-07-16,B-,Максимов,Дворник,voronovluka@mail.ru,Гордеев Твердислав Харитонович,+7 195 831 97 63,"д. Аршан (Бурят.), ул. Пирогова, д. 48, 811604",M,827659703104,kirillovamarina,"['http://rao.com/', 'http://www.rao.biz/']"
994,"д. Стрежевой, ул. Морская, д. 00, 165291",1991-04-21,AB-,"АО «Антонова, Коновалова и Сысоева»",Холодильщик,zosima1976vikenti_1970@gmail.com,Лобанова Валентина Ниловна,+7 (161) 535-7305,"к. Чокурдах, ул. Карбышева, д. 81, 608814",F,489593310152,subbotinalekse,"['http://www.belov.info/', 'https://www.ao.edu/']"
995,"к. Тура, ул. Фрунзе, д. 04, 704253",1987-01-11,0+,АО «Павлов Калашникова»,Тестировщик,vsemilzhdanov@rambler.ru,Фомичева Наина Макаровна,+7 (935) 019-54-83,"г. Кудымкар, ул. Р.Люксембург, д. 85, 912596",F,520962178273,xmiheeva,"['https://www.efimova.edu/', 'https://pestov.org/', 'https://www.ao.org/', 'http://www.ip.net/']"
996,"п. Миллерово, ул. Ярославская, д. 85, 413772",1974-01-16,AB+,ИП «Баранов-Дорофеева»,Режиссёр,kasjan_38@yandex.ru,Бирюков Порфирий Федосеевич,+7 030 696 86 86,"клх Череповец, ул. Сельская, д. 63, 488226",M,715255899045,ilinaoktjabrina,"['https://rao.edu/', 'http://www.ao.net/', 'http://ao.info/', 'https://www.npo.net/']"
997,"с. Кизляр, ул. Ленская, д. 87, 641815",1982-02-24,AB+,АО «Артемьев Шестакова»,Мануалист,mamontovazari@rambler.ru,Белова Майя Тарасовна,+7 (253) 244-5253,"д. Вытегра, ул. Механическая, д. 56, 190668",F,821246742945,xpetuhova,"['http://www.vishnjakova.com/', 'http://kolesnikova.ru/', 'http://www.savin.edu/']"
998,"клх Нарткала, ул. Шоссейная, д. 55, 357013",2002-03-13,B+,"РАО «Журавлева, Калашников и Дементьев»",Фотомодель,aefimova@rambler.ru,Ершов Григорий Иосифович,+7 (284) 136-42-96,"п. Соликамск, ул. Речная, д. 06, 059370",M,170494431564,solomon25,"['https://kovalev.net/', 'https://www.ip.edu/', 'http://lihachev.com/']"
999,"г. Льгов, ул. Вокзальная, д. 66, 440386",1995-05-21,A+,АО «Бурова»,Кузнец,ckostina@mail.ru,Ефремова Зинаида Константиновна,+7 143 633 95 56,"с. Сусуман, ул. Камская, д. 85, 299103",F,638483439375,lavrentevaolimpiada,"['https://npo.com/', 'https://www.ip.com/', 'https://www.npo.biz/']"